6.5387
5.998
6.4925
1.4688
4.5344
3.7454
3.8439
8.5212
1.7529
3.7763
3.1267
7.5423
7.9638
8.4314
0.47524
4.3839
9.0726
3.7496
6.9025
7.0632
7.0401
9.195
4.5463
1.6693
6.7154
5.5495
6.2422
2.4912
9.8735
1.8296
8.5438
3.3248
6.4215
0.4231
1.5293
5.6881
1.1375
9.6552
6.8995
5.2815
5.5403
5.444
9.418
9.6488
7.9944
7.0643
5.6224
6.3619
6.6291
6.2953
6.1708
1.7081
5.8462
5.7688
0.014329
0.78949
9.4256
9.0256
9.7869
9.5204
5.5864
0.36419
9.27
4.4191
2.5088
0.76558
0.29511
7.9749
7.0728
3.9278
5.6021
7.2831
7.6539
0.14268
4.169
4.1162
9.603
0.10456
5.7303
5.7432
2.8315
1.1974
1.5467
2.7452
9.4613
9.6365
6.5015
0.0066047
4.2723
9.4211
4.0153
7.7832
0.31303
7.1481
9.1018
7.528
2.1729
3.0887
4.2176
3.84
1.1216
4.4552
0.9986
1.2813
8.5163
4.1337
6.4544
8.6845
4.2948
7.9219
0.63604
5.0965
8.8849
8.147
2.4746
9.9754
7.9431
7.167
8.1232
1.1786
7.7262
8.0822
7.3941
5.6074
7.6306
6.1905
3.7092
2.0395
1.3966
0.96469
1.1272
0.050764
9.0459
7.3935
0.57408
9.9266
4.3257
2.7217
4.0864
0.058412
5.4419
3.6028
7.956
7.4435
4.8198
9.0477
9.7744
7.2952
0.4621
1.5868
7.6425
2.2921
1.8264
7.9937
2.6454
3.0311
9.9226
3.3533
9.1936
9.7791
5.4468
8.6741
9.5513
3.4933
8.6215
7.9851
5.8698
1.7056
4.1764
1.4304
7.1445
9.332
9.7359
5.9853
5.1593
6.3102
9.533
4.7011
3.9668
4.8564
9.8308
9.0518
6.0689
2.6034
7.5903
1.677
0.99687
5.5559
9.7188
3.8841
4.0978
2.232
2.8791
9.4471
6.5826
4.7211
1.9514
7.5957
2.5884
1.1902
5.9289
3.7278
0.59369
7.7041
5.0637
4.5811
1.604
8.9079
0.6579
0.25298
1.9225
6.8813
0.83354
1.5157
8.4858
4.9621
4.7949
8.1673
4.9967
5.4694
6.8039
1.8916
5.2592
7.9772
2.3211
5.9747
9.9525
9.1317
6.2056
7.0361
0.34883
9.5525
4.1065
2.9014
9.696
6.4939
1.0688
7.5204
5.1023
2.4259
6.623
2.335
2.3747
0.2775
1.1196
9.195
5.323
3.9159
3.9037
6.3449
1.415
5.4617
2.4968
3.836
8.6602
2.1687
7.4323
4.7303
1.6493
5.848
4.2685
0.71279
9.1572
9.9419
2.83
9.9898
5.4527
8.6128
5.5623
5.1928
6.1948
1.7307
9.1706
8.9145
9.0078
8.3909
0.82982
9.3572
3.0401
4.8245
5.5772
2.5919
6.3862
8.3093
5.4019
0.80326
1.0192
9.1638
3.9404
3.35
1.5151
2.8828
4.1956
6.9702
3.7441
7.1619
0.41055
5.9556
5.2504
1.5686
5.1105
4.4997
5.8737
1.1324
9.9598
5.542
0.82423
0.66952
9.5112
5.046
9.6687
5.2452
8.2122
1.4375
1.0518
4.5101
6.6782
3.702
0.070383
9.0024
5.9529
9.9813
3.9303
1.7377
3.5753
6.5458
1.0024
1.2582
3.4798
2.5378
5.5491
6.1529
2.1325
4.8417
9.8304
9.9158
5.6282
8.6898
4.9479
2.5841
8.1902
6.7943
8.9164
1.0218
9.983
5.1043
6.5779
8.0224
7.1279
9.9646
0.90568
9.6135
2.0641
7.008
7.0417
0.85613
6.3202
6.387
5.5392
5.0526
3.3674
3.7254
8.2613
1.1518
3.3839
0.3753
7.3061
7.1046
5.077
7.0788
0.18101
9.2255
2.2274
6.3772
3.9473
9.2521
9.3645
2.2609
6.3349
3.8354
8.3873
4.9425
0.74768
1.1376
0.78063
5.1503
0.1382
6.0823
1.8248
9.3986
7.8714
3.3167
3.3741
7.4018
2.612
9.7562
9.051
9.6314
8.5508
2.205
7.509
0.60829
4.7793
9.4187
2.7049
1.4613
7.344
8.1548
8.7927
2.6331
1.9163
2.2523
2.2657
3.9759
3.8158
0.16686
3.1422
9.8178
8.7075
1.0992
6.8709
6.8495
9.6335
6.7204
4.2618
0.78507
2.7497
3.6124
4.8808
9.5784
1.4689
3.8861
2.5199
6.194
7.958
3.2206
2.8525
5.9677
9.7062
0.052101
9.2547
2.9187
7.6325
0.11515
5.0938
0.33392
6.0652
6.8754
2.3499
3.0703
1.8228
1.4093
9.2034
4.0172
4.0848
4.2871
9.928
6.8406
7.6751
6.0563
3.6111
5.5177
4.2983
0.43377
1.3545
0.076251
2.8904
0.18428
2.4419
3.5807
0.041876
1.5339
7.7736
2.1035
1.9996
5.9727
2.8904
7.2718
6.4257
8.3503
8.8895
8.4312
6.662
1.016
9.8941
1.6422
1.7425
3.9816
0.64776
0.76644
7.845
9.6853
4.5372
0.8383
5.6582
9.4596
6.4694
5.0448
5.6534
0.54358
3.493
5.5231
2.3521
1.595
1.2958
9.4343
4.1766
2.6624
8.5113
3.4231
6.7254
1.4266
1.8204
0.57661
5.4566
9.3758
9.8348
1.2337
5.9679
6.9948
5.9379
9.515
4.4932
6.9373
3.4201
4.0803
7.9339
0.39946
7.8488
8.3928
7.8698
2.8084
8.4648
6.7445
5.9263
8.3661
2.1763
0.94415
8.897
3.2856
7.933
7.0855
8.3803
4.163
7.9562
2.4521
5.4521
9.2207
0.60706
5.6736
8.2687
6.1255
1.6728
9.034
9.7782
1.4171
3.2476
5.4141
6.0269
2.4861
0.20996
9.4793
0.61054
0.94561
2.1706
4.559
4.0058
1.4341
6.7671
1.0529
5.8954
3.5167
5.6036
0.86194
4.8496
9.4161
0.92096
4.3213
4.8835
1.6039
5.5331
4.5644
5.8558
4.9437
6.4054
6.8582
6.7355
2.4733
6.883
4.936
1.9399
5.1843
6.304
3.8853
8.7746
6.6934
4.8546
1.942
4.0543
2.658
1.8993
1.9179
9.4912
2.3588
3.9818
5.9748
6.2945
5.1438
9.0668
2.5883
8.6667
9.2554
1.7309
6.4927
4.2734
3.7098
5.3502
2.3167
8.083
3.1785
7.1323
9.2625
8.3916
4.6404
9.8585
9.2379
4.7075
0.17101
0.96051
4.699
3.7075
1.7652
4.8394
4.9089
7.4896
7.3109
3.5682
3.8584
4.9108
9.0547
1.2562
1.8069
9.1769
5.428
5.4893
3.0642
4.2958
6.6338
2.9477
9.8795
7.2739
2.8063
3.1644
6.6845
3.9513
4.5781
3.2745
6.4662
6.8177
1.2344
5.6923
7.5429
8.5549
7.8667
5.6212
4.9084
7.6858
8.1635
0.84824
2.5492
5.1633
6.5988
6.751
5.4009
0.60169
6.9269
1.2713
1.9185
7.158
6.7353
9.0291
8.0092
8.8887
2.2127
8.4411
5.5069
0.95647
6.3013
1.3699
7.2764
6.196
0.095251
0.71524
2.7214
4.1978
0.94946
9.9234
2.9199
9.5843
4.279
8.9596
9.7127
3.4123
0.055498
0.41237
9.148
2.7746
0.035847
4.3451
3.2875
4.1309
9.7162
2.8308
7.9644
1.5188
2.9596
7.303
3.692
8.3426
9.4482
2.0338
6.7466
8.8522
9.9772
5.6672
4.1849
6.309
2.6055
0.90543
6.608
1.6197
0.87867
0.37903
8.3327
0.91379
6.1026
7.5005
9.2472
0.58641
8.8775
8.9371
5.7148
1.6259
9.5747
7.2594
4.1052
6.1231
0.9495
3.3587
7.3474
8.9865
7.6608
6.6825
8.0761
3.2576
0.5126
8.6613
4.6303
9.9184
0.70246
5.1655
8.7615
3.6648
7.167
7.5811
3.7295
0.30463
7.615
3.9042
0.91638
6.7788
9.4952
4.1545
0.43323
2.8043
1.2598
9.559
5.2357
0.79882
5.8525
5.624
3.6291
4.485
4.3453
0.014833
7.6615
9.651
3.3605
3.49
2.7234
8.6938
5.8078
0.4233
5.2233
8.4666
9.047
7.5404
4.9949
2.9189
3.1738
5.3748
0.7682
5.9111
4.7246
9.503
0.89226
9.8161
2.8276
2.6763
9.0242
3.086
1.6152
9.2833
7.3133
8.7371
2.6051
6.1931
5.3718
3.7498
6.2535
6.0856
8.9917
7.207
8.6337
0.89259
9.5231
5.1177
8.3345
2.6087
1.9698
0.034419
9.0948
4.7644
1.1087
9.4628
0.88964
7.2138
8.6211
6.1056
8.8491
2.8517
0.92394
9.7742
5.3956
0.85661
3.436
9.5202
9.7057
3.7243
1.605
5.7657
7.8583
3.6088
1.3813
2.9593
6.2876
2.4673
0.73885
3.8022
5.505
3.3099
0.95478
1.4915
6.5931
8.8164
8.3292
4.359
9.1093
3.7148
5.4306
3.4827
0.75723
2.1766
4.6179
8.0696
4.0457
2.372
8.6709
8.2785
0.5239
4.6184
1.2176
9.8701
1.8694
8.3861
2.9285
6.1431
2.281
6.0328
6.9422
3.7019
3.5108
2.1334
1.9393
6.4014
3.2725
1.1977
6.144
0.40577
3.1794
7.6373
5.2808
7.0091
2.9441
6.552
1.6385
7.9612
1.3194
4.0135
3.6715
7.5414
2.7326
7.6766
8.7673
5.0996
9.4781
2.7165
6.0349
2.0865
8.9757
8.6807
0.88033
8.7997
2.0449
5.6786
4.8358
4.0025
6.5699
7.5437
8.4914
4.6216
5.4331
8.5688
4.2737
9.3964
3.5635
7.0537
6.284
7.379
1.3943
9.5252
2.821
1.5671
3.6219
8.6706
2.7934
2.397
0.73168
0.43696
0.0030764
3.0447
7.9694
6.2456
7.0325
1.686
6.1538
8.5839
9.5067
8.7851
8.8145
6.0472
8.4171
9.8813
9.3345
4.2146
5.4575
8.7745
3.1422
3.1087
3.6446
9.1812
1.6037
5.1348
6.784
3.9571
2.2781
2.1081
9.3889
2.4078
5.244
5.727
1.5345
3.2243
5.1075
6.9632
1.8934
3.3672
2.8471
1.5253
1.0559
3.5285
7.9939
2.6416
6.8955
3.8633
5.9664
5.2463
0.12697
6.9192
8.6586
8.4829
2.4092
7.8734
2.6066
5.2729
7.6105
7.7482
2.9867
6.9129
3.0865
7.7112
8.5472
6.6213
3.7784
3.1251
8.3649
8.8436
8.1571
9.497
6.6518
9.9162
7.6967
8.3356
6.8151
2.1083
4.0437
8.4975
4.2975
4.1024
2.7439
7.8153
9.9729
3.0649
0.89802
5.1986
4.9894
3.6133
5.3917
1.0588
8.7632
4.9249
6.0773
6.7052
8.131
4.4509
8.0661
4.3838
6.7062
4.7478
6.2032
7.6383
4.9844
6.3512
2.9666
3.4893
5.7425
6.8982
6.8293
2.7345
9.9516
1.9564
6.5032
3.7854
6.5437
9.978
0.90093
3.4366
6.5175
5.0974
5.2991
3.7189
8.1858
9.1307
3.6579
1.4836
6.7195
0.64466
3.8815
8.6885
8.6703
4.0065
2.6454
5.4316
8.4917
7.7303
5.589
5.8563
2.3157
6.1348
2.9767
7.5346
5.4532
10.047
7.0831
3.9231
7.2342
1.6759
9.9395
4.195
4.3889
1.7832
10.284
8.8863
2.7511
10.794
2.7191
5.047
5.7038
5.0376
3.6531
8.5143
6.4813
8.0849
8.3207
2.3895
6.1895
7.7795
3.4531
1.5143
6.7033
5.0799
8.6166
7.9405
5.5031
2.3898
4.994
1.8389
6.4376
0.59949
4.1884
3.9292
4.748
7.2261
0.32454
7.0659
9.4497
6.8348
0.4377
6.599
4.6625
4.8589
5.4078
8.1271
4.613
6.2916
7.0644
4.313
5.1786
0.31319
8.6112
3.6
8.5734
9.4501
6.9754
1.7502
8.5639
3.4614
9.4386
3.1885
3.7688
4.2315
6.5806
4.4868
6.3609
7.1723
6.2504
7.2794
5.1984
5.1099
5.2837
6.583
6.4428
4.5981
10.243
9.1703
2.7194
3.1666
5.1491
3.3654
8.8853
10.441
6.4938
6.6133
1.1385
9.2757
10.756
4.9972
1.8952
2.4911
9.3791
7.2074
6.7368
6.8375
9.1089
7.6409
4.4849
10.352
0.89797
9.6703
9.7868
4.4537
7.3708
9.6653
5.3385
2.895
7.3825
3.2344
1.593
1.292
9.8013
9.0184
7.829
0.94791
7.6901
5.6168
5.0008
3.7549
10.119
7.1061
2.187
5.7166
7.082
3.2809
2.2296
3.805
6.2225
9.0437
2.5137
2.8795
0.7863
6.2998
3.3605
4.242
3.0537
0.60423
2.5919
6.4284
3.9797
5.0892
7.3875
5.4608
8.6663
1.2689
6.3821
8.8979
5.2818
6.9177
4.376
7.6911
4.3187
4.9945
4.8586
1.3477
5.0285
4.5675
8.7602
3.7226
4.09
5.6988
1.323
3.265
7.9758
3.1097
6.5964
4.6367
8.3957
7.4312
10.926
5.5629
7.7275
2.3595
8.0663
7.6771
4.8245
5.1155
2.5472
10.954
5.4163
9.0926
7.0859
5.7287
8.666
9.7268
1.509
6.1034
10.375
2.4536
6.0193
6.9042
7.8459
3.9768
6.5746
5.4392
5.0354
5.9085
4.8318
4.886
4.3633
9.1485
6.7178
8.2397
5.6533
1.3248
1.4025
5.4842
2.3686
7.0405
3.0738
3.2103
4.3892
6.4028
2.8404
1.8572
6.1596
5.3247
5.3084
0.71719
1.8085
0.5482
8.06
1.5135
4.2189
5.6167
1.7399
6.016
0.76809
8.8664
6.5111
5.2399
9.6708
2.1574
4.584
5.1647
8.5729
5.4361
7.1068
2.8847
7.7745
4.207
4.0129
0.82029
0.84185
7.8405
8.7478
2.7609
6.5129
3.3533
6.8452
6.1729
5.2081
8.2664
4.2443
3.4592
8.6568
3.3184
2.0959
9.8304
8.7895
6.6381
3.1038
5.2274
9.235
2.7424
4.52
1.3006
5.8524
5.9745
1.5816
7.7281
0.0040513
4.9005
2.2181
3.6361
0.13285
8.9613
5.6501
0.42351
5.7226
4.2306
3.9832
9.2961
5.6623
3.4637
4.533
9.8005
9.8222
1.0104
5.9385
1.4989
2.1606
0.95263
6.7928
7.9898
3.3539
6.575
2.234
9.1048
5.1411
1.153
6.7532
5.3155
4.5245
1.5111
8.621
2.7423
6.7628
0.90841
2.7942
7.7929
2.4622
0.7347
7.2452
5.4589
1.1697
2.4596
5.1924
3.9537
0.48014
1.036
1.6943
0.32233
0.56781
8.7089
9.646
1.8048
9.055
1.7359
8.4725
3.4125
6.3686
0.7074
6.8452
2.3959
8.5678
4.1115
2.6725
2.75
0.37599
8.353
7.0851
4.1256
8.8664
6.7623
0.090015
1.6102
4.5646
9.5173
8.9494
3.9858
6.3142
3.628
8.9926
8.8435
2.9714
5.0778
6.7848
7.9287
7.5796
4.0303
5.8753
3.7418
9.0317
5.1648
5.0365
3.551
2.5147
1.9609
7.421
7.9777
9.8639
7.9616
0.94556
4.2415
8.4329
8.8942
6.6085
4.678
4.1928
1.9913
2.2859
8.7286
3.2397
7.2687
8.3104
3.2511
7.2658
3.0499
4.9751
8.4871
5.2522
0.27159
8.6682
6.5932
4.263
1.0562
4.1534
7.7876
3.7633
9.1673
3.6777
1.2065
2.317
3.3071
6.2041
5.9663
5.0068
4.2896
0.72864
9.8166
2.3871
9.9335
9.9155
9.5698
1.151
3.9918
9.8677
8.201
9.7671
8.6999
5.0286
8.9796
5.2601
4.3279
8.0466
9.7652
6.2686
2.0178
6.6601
1.1331
9.202
2.8391
7.4183
8.3722
5.8732
3.0262
4.9777
4.8077
8.6654
8.8982
5.8384
8.6436
8.1872
1.3903
2.6564
8.7803
6.5526
0.64258
8.4843
5.2866
3.025
7.7166
0.44108
0.96106
6.1021
9.5179
7.4545
5.6903
1.3933
8.2512
3.7151
5.3376
3.12
2.3253
5.362
7.8399
5.7026
9.3088
7.4709
7.6782
2.1383
6.7235
2.6532
9.3573
4.5695
3.0356
2.842
6.9485
9.2818
0.8381
8.867
8.6918
0.84706
0.25181
6.6757
5.8616
4.7649
9.2978
7.3178
8.3285
1.9203
5.4997
1.5668
3.8117
6.016
3.5067
4.1479
4.1551
0.80948
9.1941
2.2079
3.5174
0.54365
3.0655
2.5166
9.7552
9.5046
1.4576
6.2821
2.7555
3.1223
0.4273
3.9757
3.7815
0.15632
6.0171
1.6169
4.4139
2.8893
3.5864
3.2939
7.0161
0.16595
8.0153
7.905
3.4082
0.42059
5.0629
8.2392
8.0427
2.0386
5.777
7.0822
4.8456
6.8679
1.7863
2.9814
4.6846
8.2814
8.3563
2.5144
0.38485
2.1994
5.484
3.8877
8.9838
3.3195
3.6096
6.1634
0.32237
6.248
3.0825
9.4007
2.0547
2.1707
9.9445
8.539
8.7747
9.3013
8.8718
1.6254
2.1944
2.8007
5.9155
8.3441
0.066823
3.1328
1.7089
2.788
3.3775
4.3223
0.0087203
1.1381
9.0069
4.5781
6.7515
2.938
1.3792
9.9577
7.9316
7.4287
4.7182
1.631
3.821
8.639
4.6889
5.7707
1.8659
9.0707
2.0409
8.8672
3.7531
2.5128
2.1652
1.2273
2.0216
7.8438
7.1133
9.9964
9.733
1.9292
2.5072
9.4849
6.6471
9.6968
2.1227
9.5481
1.7111
6.7941
6.0685
7.4843
9.6443
0.14553
3.2487
4.4216
4.8399
5.2267
0.26022
7.5178
1.3206
8.3867
4.8917
4.4041
2.0073
1.9231
6.8388
6.8077
4.5969
6.6739
3.2554
8.3883
1.9519
6.6361
1.5011
2.2265
2.5171
1.3485
7.9122
3.4004
5.8213
3.0696
7.2346
0.99831
0.44778
0.59889
6.8613
6.4148
8.1101
2.5527
1.961
4.1101
9.6403
2.8897
8.4703
0.045556
0.18404
7.4294
8.9124
0.42912
1.509
8.618
9.6022
3.6688
1.668
3.5699
5.4293
3.5296
5.8512
5.8613
2.0669
2.8262
2.8263
4.3194
8.8561
4.1813
0.33495
7.1999
1.709
6.8479
9.1712
6.7218
4.5164
0.91447
6.5965
9.662
1.588
5.9084
4.4311
0.62714
8.2381
2.4161
8.9475
0.22349
5.9232
9.3321
4.1225
1.3225
1.0239
5.7522
8.5315
0.84157
6.791
3.857
2.685
1.293
1.7663
4.3037
6.4885
9.467
3.7585
5.3098
7.8972
3.8658
8.3995
7.1513
7.145
8.4319
5.7132
1.5578
3.0027
3.0065
2.2707
4.6784
9.1343
9.9206
6.1015
9.353
6.9972
2.3081
6.6089
0.65485
8.6025
9.6389
3.6501
0.95803
3.2526
2.7738
2.1644
0.13349
4.5386
2.8161
0.75606
4.5285
9.7393
2.0338
3.067
0.99848
4.5619
9.1878
4.3943
2.1028
0.62489
2.8886
6.2542
3.6068
7.653
3.9999
6.1658
9.7848
4.1483
1.6877
5.0236
2.4228
1.9024
7.6472
4.1593
6.9945
6.2546
2.4539
3.8933
8.6126
4.4906
8.1744
9.0962
3.5098
6.0339
1.4538
1.4306
3.352
0.15754
4.5049
5.5326
9.948
1.5151
6.1578
1.7301
2.2605
9.325
9.1662
1.8815
4.7619
5.0112
5.5299
4.2653
1.2469
5.0986
6.2086
8.7613
4.2379
7.1291
6.2814
3.519
9.4392
4.1111
0.93698
9.7089
3.1413
8.6196
1.2685
7.3178
1.831
9.5256
5.359
2.5267
2.9494
1.1651
8.4294
5.0357
6.459
9.5029
2.5087
7.3535
5.7507
8.5876
7.0597
4.521
5.9219
3.7839
2.6275
2.0961
0.90563
1.3785
8.5565
8.4531
7.495
5.698
4.614
0.6856
3.6801
9.9175
3.2245
9.3156
6.5522
9.9941
2.262
1.9747
3.5539
7.4883
4.7752
6.4681
9.1459
8.2666
3.1404
2.1393
6.0326
1.4774
3.4026
4.9719
5.9628
9.2413
4.7
2.1004
6.6572
6.1774
5.6541
2.0265
6.2441
5.0118
1.9784
0.73962
1.8063
1.9416
9.7278
1.4771
7.3191
5.8274
5.0138
9.37
5.0846
2.8133
5.542
3.9772
6.0087
4.7946
3.0009
3.2548
4.2653
7.1892
2.1731
1.9561
9.2075
6.3779
9.0102
8.5531
0.51379
4.2551
8.0899
1.2141
0.34198
4.71
6.2836
7.2175
7.6306
3.3054
4.8191
5.5869
3.615
7.4035
0.0072534
5.1602
7.1143
4.4703
1.475
3.8524
5.0014
5.1463
2.785
6.653
0.35176
4.5561
7.7728
1.1397
3.8265
5.3949
6.0058
8.7586
8.6266
2.6182
2.2404
0.91409
2.3851
0.43619
7.081
1.9204
0.86855
6.7468
0.40241
9.3681
2.9333
6.6906
7.2334
4.6899
3.6654
4.0528
1.8154
6.0344
2.6968
6.3115
9.5085
6.5683
2.8929
6.4565
5.6608
8.1762
4.4842
3.4688
0.4019
8.1351
3.1928
0.60408
6.6829
4.7315
7.4885
4.7478
8.4396
2.7777
7.1902
6.8501
7.9087
4.5292
7.9701
4.2899
5.2843
9.1837
8.9614
1.6665
4.1685
4.5931
6.262
3.1877
8.506
7.5654
0.45901
2.5268
6.389
8.3474
1.7653
9.1677
7.413
1.3607
9.6598
5.9719
9.7979
4.079
4.1853
9.1099
2.6757
7.6081
2.4509
9.1901
7.8617
9.4724
4.9584
1.8243
9.6139
7.5685
0.66822
0.15028
5.6963
0.02007
5.5312
0.24611
4.8292
0.39533
2.3377
2.542
9.0735
2.0609
6.4426
9.0975
5.7279
3.1243
0.64841
8.4557
5.2454
8.3871
2.6629
7.7112
7.4688
2.2651
6.2231
9.1358
1.2233
8.6537
1.9649
2.3427
9.8938
9.2962
0.59928
7.1082
7.211
8.1031
4.1789
5.9602
3.754
4.7725
8.3187
7.5044
2.3459
0.0344
8.2999
1.2746
3.8372
5.1969
2.8822
9.5142
6.7526
2.5757
6.1509
0.71799
7.8317
2.4646
1.5665
7.4185
8.5595
3.7332
3.9328
3.4515
1.4592
8.5145
2.0223
2.1656
7.1744
1.3781
8.4893
7.1536
7.311
7.9801
9.893
6.3762
2.7021
1.6786
9.5683
4.7141
5.6578
8.5128
7.8626
2.8646
8.5693
8.4584
5.9604
9.1638
0.70548
4.7923
1.8263
4.3646
1.342
3.0431
3.8942
4.0932
6.5161
4.7712
3.7489
0.17273
7.9476
7.0428
5.1654
1.6879
4.136
5.1311
4.7861
0.292
3.6286
0.78613
3.7472
0.42608
7.707
8.8883
2.8691
1.2938
2.8974
1.3853
9.9246
0.42012
4.2619
9.4384
8.4299
6.5929
1.8905
2.5803
1.4563
9.1018
9.1864
2.9252
0.55258
0.096315
9.8365
9.1159
4.3018
1.536
7.4839
8.9708
9.8057
4.3996
7.7965
2.1042
3.1646
6.198
8.7632
5.4413
3.7715
2.4586
4.2825
5.3727
7.1308
6.2986
0.74517
9.0006
6.5808
8.8383
0.44938
8.2369
1.6696
9.7819
3.6903
4.864
0.14555
0.8565
8.6212
7.3468
4.3339
4.5141
4.853
5.1919
1.4532
7.2769
2.1844
9.7695
1.0947
2.7168
1.4209
1.4338
7.9764
3.2911
1.4933
5.1695
8.1984
9.1926
7.4428
5.5887
9.9148
5.0904
7.6941
6.5087
8.3941
7.9976
3.0204
0.67058
9.8455
8.5143
9.1993
2.9123
2.5175
4.8936
3.3266
1.0254
7.8222
7.937
6.9123
8.59
2.3256
6.5234
6.5719
1.4597
6.8719
1.2067
5.7865
0.47754
3.8195
4.2704
2.3279
3.5671
4.4422
7.1963
0.8858
8.4216
5.6602
4.1775
5.9044
4.5624
6.2982
0.78704
1.31
5.2602
4.7732
2.9108
7.686
1.1442
0.20981
3.5892
0.32196
2.8903
8.6504
1.376
5.3909
3.2451
6.1081
6.2322
9.9183
5.5112
0.02207
8.2157
0.16422
4.8382
1.3866
9.703
0.35335
1.3057
5.0675
8.8817
6.0608
6.697
0.27483
0.94276
3.2076
8.303
7.6008
1.84
7.7244
5.5278
0.22542
5.6869
3.18
0.78724
7.4658
9.0879
4.9894
2.5186
3.6172
8.651
2.0104
4.966
4.4198
9.9439
3.0324
4.7851
7.1623
0.86558
6.1745
9.9897
7.3982
7.5313
9.5703
8.4863
0.060949
8.6375
5.0767
0.095886
1.9473
5.0668
3.6397
7.0784
0.126
8.303
9.4304
1.8372
2.9441
7.6313
9.6774
5.1929
1.5337
6.6077
7.0102
2.7253
2.1425
6.8301
1.3164
8.1382
9.8303
6.7237
3.426
5.8932
0.51705
0.48934
9.1922
5.9903
5.238
1.4822
1.2038
1.5743
4.4625
7.0016
6.6625
8.5015
8.3612
5.6231
6.2218
1.1316
5.1233
5.8397
7.2169
9.5173
4.3971
8.8928
2.3737
3.664
9.004
2.4598
7.2086
1.5844
0.45859
6.9426
4.3749
6.7723
9.575
8.6334
9.2079
9.5872
3.4587
2.8344
9.5908
6.0212
1.5299
3.7343
3.8891
8.81
5.7875
8.0035
6.7375
0.25845
1.7971
9.9599
1.8013
0.58241
9.0457
8.2609
3.1263
4.6794
2.8253
1.6535
4.9815
0.49513
6.2668
6.0495
4.5758
7.068
2.6982
6.9849
2.7753
9.6723
2.4008
7.6449
7.7112
8.827
8.727
7.9812
8.5852
1.3434
5.2449
9.5977
9.8837
3.698
0.74481
4.6805
5.3206
5.6234
7.9103
9.2306
6.8854
2.3886
3.4117
1.7719
3.185
2.8375
8.2141
8.4777
3.1775
6.6191
8.5164
8.6883
2.91
5.7072
4.728
9.6873
6.7701
7.0225
9.7609
3.2068
2.515
7.1626
1.3852
5.2628
0.44431
2.01
2.1291
7.8108
6.5366
4.3024
4.1909
2.6626
3.8222
4.9459
4.9984
6.0395
5.0224
9.6312
9.5426
1.4674
7.2041
1.5633
5.7713
8.0417
2.5002
1.679
0.85857
0.44383
1.8301
2.1395
9.9199
2.3148
2.2692
8.0027
8.4709
5.3999
5.7337
9.9104
6.0104
9.6325
5.1849
6.9046
1.4658
6.9637
3.3107
6.5741
0.65221
3.7469
6.0894
7.5133
3.165
0.22897
9.8938
1.7931
3.2729
2.4636
6.995
3.1691
1.2023
8.9146
1.7151
2.1839
3.8215
0.77219
8.0954
6.3635
0.16048
1.0039
4.5233
7.4317
3.763
0.56489
7.3166
3.1177
9.1799
0.14301
6.0047
7.6618
0.38124
2.3442
5.7602
8.7891
9.5011
0.94171
6.6116
0.31627
1.6566
5.0668
6.8055
2.2679
9.4027
3.3924
7.7834
4.6652
8.0034
4.4406
3.6273
1.3954
5.0968
8.9759
5.2441
6.342
7.5094
4.5579
1.1435
2.0492
6.1079
1.5581
3.6365
4.5421
3.4397
8.9728
7.32
8.9204
5.7594
7.605
5.7562
9.3696
1.9962
8.7782
2.9829
6.0293
8.9092
1.6864
5.5948
9.1774
5.6435
0.61652
9.2901
2.8027
0.53168
9.0935
7.8502
6.2152
5.5876
3.4653
2.7909
0.37497
3.2326
4.0294
7.9584
9.9927
5.8771
4.1836
9.165
4.5275
7.1423
0.20339
5.3238
5.0961
4.8457
6.0001
3.8917
6.5071
0.51781
5.7321
2.1775
2.49
0.99513
6.821
4.7075
8.5065
3.2221
7.2015
1.6122
5.9603
8.9021
5.7285
9.1645
4.1095
3.1769
4.4326
9.1642
8.4294
7.5714
7.4851
2.062
4.9065
8.9769
8.3567
6.0367
6.4725
2.8726
4.1261
2.8838
6.0339
0.62813
3.1471
4.124
2.7423
1.0643
6.4465
3.3389
3.5044
1.5169
5.1349
0.19502
5.2091
7.1901
6.412
9.859
4.6038
2.3157
5.0195
2.8691
1.5428
2.1946
6.75
5.2578
0.91381
8.9412
6.1721
4.3346
7.7485
8.572
0.95823
3.2718
5.2964
3.6877
8.4151
1.3796
4.7272
7.9418
7.4768
9.5552
1.0173
6.0834
8.652
4.0273
8.4293
2.4791
1.4188
4.0013
0.15197
1.7966
6.8055
4.1653
2.2114
6.8862
3.9601
6.8282
6.6063
9.0588
3.4195
1.1606
5.0267
3.4764
2.3373
4.0407
7.7813
8.4425
3.0967
3.8089
0.10685
0.074955
9.5417
7.7821
8.978
3.257
7.8693
2.1548
1.0178
5.2606
5.8977
5.919
2.6305
3.4598
8.1034
8.8892
5.3212
3.8467
8.8228
3.8161
9.9691
4.3957
2.4763
0.91539
4.2061
6.5583
8.3231
4.9861
0.42787
6.9881
8.063
7.9629
2.7372
2.415
3.083
6.3213
2.0657
8.3933
2.9308
7.8797
4.5086
8.5504
7.6402
5.4275
4.8934
6.304
2.068
8.0485
7.5812
8.9236
8.4207
7.3041
3.2587
0.3003
4.5985
7.5377
9.6287
9.9846
5.9885
5.3717
1.1969
4.3499
6.6693
7.2584
2.8795
2.7093
2.8065
7.9357
6.9809
3.7131
4.24
0.0082869
1.6698
9.539
5.0942
5.1306
5.9774
9.3693
2.5599
7.9681
9.0316
8.3737
2.7436
9.3278
3.3466
6.4229
4.7369
6.7069
8.0726
7.911
2.4732
3.4292
5.5417
5.9547
5.0081
8.5332
1.2184
1.0774
6.5056
1.3914
8.9914
1.8435
6.6294
4.6173
5.291
3.7047
8.184
0.22423
9.061
0.21074
0.35728
7.3648
8.5066
2.5615
8.5471
5.5672
4.965
3.5555
3.6576
1.612
9.8341
9.3273
3.8936
7.7702
8.9788
3.5919
1.2881
7.0739
4.758
3.1504
0.46305
3.7436
8.1786
1.3534
8.2545
2.0331
1.923
0.39804
5.8635
1.3969
6.2263
5.7344
0.1509
6.5813
1.2179
5.0069
4.1927
2.4645
2.6303
7.5556
9.1275
0.6744
9.6416
7.3056
3.2974
4.0243
4.3644
2.2424
1.0381
1.7948
5.7478
1.2505
6.5789
6.5887
6.274
3.7365
1.8576
6.2514
7.233
2.8655
2.3803
1.6092
9.7813
3.2689
9.7705
2.276
0.6564
6.2851
8.5685
8.513
4.6616
7.0795
2.3011
1.1559
5.5791
0.49618
4.4043
9.8731
4.4448
7.1466
5.6128
1.3521
3.6349
0.17791
9.7912
0.2266
2.8657
7.76
5.3064
7.4986
7.9089
6.2785
8.727
7.267
9.5902
4.4285
0.89044
7.1444
2.9082
5.4269
3.2351
9.6779
7.4753
2.0565
2.6597
9.2184
7.6198
6.3067
7.3605
6.3834
7.4199
1.3819
8.5627
3.3702
8.4596
3.5282
5.9052
6.2447
7.847
1.324
8.0568
1.3576
2.1726
6.255
1.2124
2.0211
7.0381
3.963
3.6459
5.7217
8.6737
4.3005
1.5623
7.0051
6.8527
6.5116
2.1596
9.9776
0.64174
7.0448
0.82817
4.6776
6.3748
0.80687
1.4082
4.0105
5.0124
1.8913
3.4545
9.2942
5.349
0.7721
9.583
9.5617
4.4269
6.2593
6.8363
7.7948
2.3257
7.4989
9.7552
4.833
2.9166
3.5882
1.8644
2.7868
4.9855
1.1141
4.9851
7.2737
1.7649
2.442
1.8904
8.3792
0.38716
9.6262
9.3651
9.7621
4.961
5.6618
8.3735
5.9072
5.1312
2.0609
2.9931
1.0333
8.7511
2.6888
5.0705
8.9436
0.022197
8.9715
4.0592
1.9661
3.1689
6.1423
7.0598
4.5073
2.4224
9.7517
1.2648
2.8318
8.0727
1.7364
0.10552
2.6838
7.4459
7.1917
6.8016
8.9089
0.59447
1.3428
6.8136
9.5958
1.9904
4.9147
2.5068
8.7689
8.7755
2.4573
6.6804
4.4014
0.41033
9.1824
9.4131
2.1833
8.1898
5.8634
1.0158
6.3534
1.7258
2.3426
6.5482
8.0272
1.8782
2.7311
2.8428
2.0407
0.87212
0.9027
1.6615
6.8487
2.6244
3.9698
9.8196
9.1137
5.1666
1.1417
9.1041
6.6932
4.1195
3.2316
1.8737
8.2167
6.7599
4.3338
7.2478
7.1912
9.2252
6.056
1.1858
7.5061
9.1226
8.2446
4.8677
6.8645
0.39567
9.9516
5.2379
7.4889
2.1051
9.7926
6.5632
2.8821
5.7968
9.0539
0.10461
8.7014
6.2123
8.7183
2.6042
1.8603
2.3977
9.5056
9.7059
1.5495
1.9507
1.6411
1.045
5.6051
4.0983
2.2089
9.6495
9.4737
3.6898
4.2082
1.1094
9.1248
7.955
6.7039
2.5407
4.4947
3.7267
9.1575
5.628
3.5801
5.1296
6.3813
1.0065
3.5374
5.6364
0.45589
3.9007
7.1468
1.0253
8.3125
9.9531
0.020787
5.3826
7.9324
4.9101
4.6272
4.1891
2.7931
7.9177
5.1951
8.5662
8.9881
4.8405
6.7544
6.5031
0.79514
0.21783
7.0747
7.0573
9.2206
7.9392
5.9287
1.2664
7.9117
7.8935
1.5725
8.5853
2.178
8.3727
9.4757
2.965
7.8579
5.7936
0.78793
1.1293
6.8217
4.2244
5.3194
1.8317
4.5401
2.5911
3.6656
0.25535
1.2619
3.5707
2.1834
4.5346
9.0617
7.4141
0.028005
1.2208
2.5496
6.1936
1.1259
3.3558
6.1986
3.516
7.9779
9.6951
5.6928
7.664
2.2848
4.1801
6.0589
3.5047
4.5491
1.2482
8.908
4.3645
5.2016
1.3159
7.1698
1.3368
7.1772
8.4045
7.9648
7.1223
5.5431
1.843
0.18688
7.8216
9.0573
3.8121
2.4728
0.52711
2.6821
3.2961
0.057818
7.3609
3.6418
4.7995
6.6766
5.7262
4.8994
2.2999
6.1172
5.102
4.0122
7.0888
0.025045
4.715
3.2086
2.9127
9.986
9.8767
4.1797
7.6386
1.5152
7.1432
3.6582
0.64015
1.9201
5.6579
6.9895
6.549
5.6414
8.4756
9.7897
8.4756
1.7104
1.8308
8.2936
4.4478
7.083
4.4399
9.31
4.9497
6.2027
6.5086
2.1959
9.9583
4.356
7.849
0.94364
2.5264
5.3592
5.1585
6.9253
5.0404
8.2901
8.4517
2.9015
5.2328
1.7149
7.729
8.9957
8.9839
3.7469
8.7584
6.5396
1.525
9.4258
1.2913
5.8166
5.3489
5.7839
0.66902
6.3353
2.8394
6.3882
3.0402
1.079
7.527
6.0966
1.6976
2.5394
8.229
0.67562
1.7784
0.34775
3.6398
8.4912
6.8185
9.0478
7.1623
1.597
4.3828
0.66872
2.324
0.33968
2.0402
6.6116
8.5658
6.2148
6.7378
4.6713
4.638
9.7782
0.30066
6.7397
6.7283
5.239
5.8131
2.572
5.1315
2.9718
4.1559
2.3288
4.6141
1.2286
0.63043
0.98067
3.7574
2.5295
5.6013
2.4985
8.0655
5.3916
7.3174
3.3863
8.1518
4.8526
5.6177
2.5682
8.1897
8.1401
2.4065
4.945
5.1139
9.2862
3.9401
5.5715
1.5809
9.3478
6.1565
1.9735
2.8729
4.973
8.8392
2.6463
3.4822
2.2055
6.7816
1.4784
9.4685
6.834
4.7769
7.7246
5.3277
4.4811
1.2739
9.8669
8.074
8.136
7.3312
4.3157
0.83216
6.2248
4.0988
1.9545
1.4839
1.8366
3.8654
5.6039
0.51874
3.9534
8.1107
6.2868
8.425
0.34576
9.4036
5.2911
0.86195
6.0117
7.6005
5.5795
6.3655
0.039999
1.8449
0.59706
7.7614
9.1478
4.0045
4.4363
0.70416
0.92608
7.9605
9.8025
3.2974
3.5208
2.7566
6.6382
3.2291
3.6368
8.2174
5.9467
3.3486
1.5343
5.6648
1.2314
8.5831
2.8798
6.3208
0.20654
9.4545
8.6575
0.26224
8.3529
0.047013
1.0924
2.8837
2.5412
1.0953
8.1865
9.0374
6.8504
4.1932
1.7867
5.6984
3.3966
5.7941
6.3396
4.5076
3.9795
6.7553
1.6237
3.6536
1.9326
7.8368
5.3838
9.9469
1.5528
7.8792
2.3369
0.98397
0.84012
2.3808
9.8427
6.1941
8.5538
2.1969
8.3661
4.5606
6.2774
7.6145
3.5113
4.2472
1.2809
6.4259
8.6489
4.9036
6.2427
2.6084
9.0116
5.8236
1.4851
5.0127
8.4829
0.84874
5.8259
7.5646
8.0955
3.2456
4.9466
3.6705
7.1467
3.8419
3.5598
1.2401
7.0118
2.499
4.491
2.1972
8.9646
8.0036
7.9546
8.6293
8.339
2.3758
6.2187
3.2851
8.3068
9.2063
2.4925
1.9538
2.3002
0.26915
7.9017
9.7822
8.4358
0.84056
2.8539
2.3847
9.4669
9.5589
5.7947
2.204
3.8007
3.8609
4.8307
1.7911
6.0173
2.793
1.0146
0.094019
1.5125
7.9392
5.3865
9.6416
8.7973
6.0203
0.22044
6.2759
2.6295
8.9278
4.0007
4.0542
3.3047
8.1002
2.6279
5.3234
5.6243
3.6177
0.18823
8.591
1.1703
2.3872
1.184
1.7034
3.6049
4.0572
1.0112
9.4144
7.4384
7.436
3.7778
1.9967
5.0155
6.3697
4.4793
9.2581
9.8159
2.3848
3.4691
6.9501
8.912
9.9916
0.53139
4.4228
0.017489
7.3707
0.43548
6.1584
4.5938
0.92582
0.61472
6.1288
4.8207
5.1727
2.2226
0.92562
2.6268
6.0651
0.12561
8.77
0.16808
3.5342
7.6063
0.55655
3.1586
8.2874
3.3038
4.7288
5.051
3.0702
0.81173
1.281
9.1455
3.8166
9.9004
3.6318
9.9793
6.3885
9.1377
5.3708
9.7308
1.4575
5.4437
2.1446
1.0785
2.6915
1.448
2.9525
2.5071
6.7167
5.1118
6.4503
6.4689
3.3683
8.4574
5.6246
0.99253
7.5006
2.1309
2.4689
9.9735
3.1411
3.7575
1.8001
5.5394
4.9252
2.5937
2.3699
8.4347
2.4814
3.609
7.8791
7.6874
1.3489
7.8997
5.8863
9.7563
5.8902
8.234
3.2174
7.9066
0.65564
0.55453
9.787
8.8097
9.5005
7.5872
0.78711
9.81
6.2005
6.0388
7.0691
4.6866
3.6791
1.8516
3.3077
0.48762
6.6959
0.09389
4.1593
0.17653
7.4309
3.0991
7.8873
5.0292
3.2265
9.765
6.325
1.2111
2.1694
2.5935
4.4825
7.4405
2.1027
9.8857
2.1775
9.5738
6.5932
3.2182
3.6748
6.2525
3.1075
4.899
2.3436
1.7826
4.6469
8.7781
9.9455
1.3409
2.9954
7.1269
3.59
3.9492
0.89066
9.9028
7.1074
4.2067
2.3159
9.0171
6.3443
3.8895
6.7628
1.9042
4.0068
7.8703
4.2598
9.2333
8.8884
2.0486
8.595
4.2945
1.0237
6.6972
8.4998
3.798
7.9337
9.7451
1.9689
3.5101
1.0242
2.3376
9.8136
7.2838
2.748
5.4763
3.3127
1.9003
9.9797
6.0718
9.1645
6.2869
0.13266
4.1346
2.5943
1.1331
3.4293
5.8875
9.6225
0.6205
2.5722
7.6414
2.3633
3.4235
7.0195
5.5199
3.2451
5.599
2.2955
8.1288
0.7451
4.9911
2.3495
4.5797
7.3151
8.3916
4.0075
9.5314
6.7802
1.8599
7.6319
5.5866
7.2083
4.238
0.89974
4.9751
2.2638
0.98969
2.4766
8.6708
0.97322
2.9401
5.6396
2.3833
2.8605
4.2762
0.3855
3.8986
7.6635
4.5017
7.7793
8.6967
9.0014
6.7931
8.6316
7.7748
8.5619
0.29779
3.7729
7.1981
0.65592
3.6964
3.5783
8.5485
6.3237
5.86
9.129
5.6943
0.035439
6.7646
4.6087
6.5592
8.0239
4.0743
7.5779
6.8215
3.8422
1.3376
0.69853
8.8479
0.97625
4.2837
4.1274
7.7742
9.3205
8.1626
1.7006
1.4345
8.946
4.3604
1.8971
8.0357
7.8376
4.95
1.276
1.3257
6.0223
5.3588
2.6579
8.6092
7.6596
8.8358
4.5441
7.5792
9.6777
6.7075
4.7147
7.7338
7.3704
9.612
3.1893
1.9619
8.0849
7.538
7.6742
8.0366
0.63899
3.5157
5.4533
9.8165
3.5511
2.1291
9.6057
5.4396
2.0943
5.1898
2.961
0.019723
6.3361
5.4139
1.0363
1.7515
6.5405
3.0215
7.3058
6.8404
5.2909
6.148
7.785
9.7024
2.7109
7.6526
4.4216
6.7967
3.51
3.4489
9.378
5.071
2.7813
2.7352
7.7058
2.128
9.9729
5.4517
6.5958
4.5846
9.2586
8.7478
9.0354
8.7378
2.595
0.01344
8.0167
0.16061
5.6376
1.6409
4.8852
5.4015
6.0268
9.9085
3.7465
4.9493
8.3266
1.445
2.0733
2.6357
6.0654
2.8403
3.6019
0.8392
7.3991
2.1916
2.6393
8.5202
8.9881
9.1676
0.2487
6.5902
8.8617
0.73498
4.5096
5.3978
2.2551
1.2383
0.19518
6.035
0.29252
6.0551
9.7044
6.2661
3.321
1.7633
9.5042
4
0.16112
0.12487
3.5918
0.64797
3.0327
1.6756
7.6674
4.7411
7.2916
6.7705
1.3333
7.6881
0.8427
1.1436
3.8535
0.79738
3.4956
1.8646
6.621
2.5265
8.9636
7.8348
0.8418
4.1124
7.2283
9.5678
8.149
9.5027
9.971
6.6727
7.2969
1.9747
9.2665
0.68658
2.6381
2.2501
9.1254
3.3652
3.3359
0.76429
7.5235
4.0185
7.4103
1.9929
6.4794
9.6336
6.5667
8.6325
7.7748
8.9512
0.41212
2.9595
3.4093
8.5828
7.6436
6.7803
5.2926
0.60535
3.3505
6.4289
7.5095
5.1651
5.3699
9.4696
1.1571
2.9713
5.991
5.8238
8.8938
6.0633
3.5842
7.5197
1.4168
3.8921
7.3348
6.5558
6.4285
3.321
0.97991
2.016
9.8215
5.69
