0.85439
1.1444
1.7922
1.6917
1.161
0.7144
0.2998
0.77361
0.11649
1.3179
0.25305
1.0234
0.56032
0.40462
1.0159
1.3651
0.50767
0.20684
1.3021
1.9473
0.47317
0.53261
1.5023
0.32264
0.68914
0.61856
0.96012
0.66913
2.2758
1.7561
0.46271
0.57746
0.3265
0.61467
0.13646
1.0123
0.0072133
0.41228
1.312
0.60726
0.62647
0.74484
0.1751
1.895
0.58234
0.89165
0.065875
0.19929
0.12707
1.8411
0.88742
2.5375
0.73822
1.3328
1.2804
1.0154
1.6056
0.52038
2.171
0.17296
0.22744
0.37478
1.8413
0.45694
0.32497
1.3923
0.58858
0.64027
0.037804
0.17557
1.2011
1.734
0.44101
1.2635
0.82649
1.7972
0.070492
0.77819
1.4702
2.0002
0.48621
1.3503
1.0093
0.49429
1.3196
0.44824
0.016336
0.086262
0.04977
0.89606
0.79837
0.74956
0.55039
1.6676
0.76811
0.52722
2.2139
1.7791
1.3342
0.16017
0.42302
2.8098
0.74289
0.022805
0.27114
0.17607
1.0442
0.70686
2.2258
0.45206
1.11
1.4999
0.61847
0.71114
0.72367
0.5077
0.73833
1.3169
0.58779
0.28837
1.7657
0.20929
0.72059
0.7754
2.2279
0.8301
1.1121
0.50638
0.86448
0.55831
1.0055
3.043
0.44791
1.8595
0.28781
0.13433
0.045964
0.11638
0.96332
1.3802
1.3105
1.1807
0.8761
0.42973
1.48
1.1638
0.72139
1.9379
0.38356
0.1404
0.18744
1.9095
0.026842
0.36064
0.99699
0.83947
0.10109
1.3521
0.19913
1.7589
0.41089
0.31372
1.4507
0.18676
1.1503
0.59368
1.0368
0.92943
2.1551
1.0003
0.60964
2.3969
0.38281
0.34235
0.024037
0.0012976
0.15308
1.0703
0.18429
0.36192
0.15315
0.67799
0.71874
0.28254
0.088134
2.0592
1.0687
0.93327
0.26839
0.66494
0.00954
0.63036
0.90472
0.83273
0.51221
0.77825
0.054528
0.55508
1.0143
1.3216
0.21185
0.35775
0.40745
2.1444
0.064513
0.27271
0.032418
0.017673
0.49677
0.77475
0.83611
0.055866
1.0322
0.87538
0.50668
0.30131
1.042
2.6178
0.15912
0.82813
1.6976
1.4696
0.81027
1.3109
0.16118
0.17019
0.10303
0.60646
0.64764
0.71287
0.54383
0.83622
0.093004
1.6596
0.48692
0.16322
0.18171
0.038326
0.68326
0.76054
1.2416
0.42001
2.1416
0.59593
0.053567
0.076581
0.25931
2.0131
0.55152
0.80474
0.89783
0.12181
1.613
0.06063
1.0381
0.25859
2.0622
0.12058
1.0288
1.2639
0.894
1.3779
1.2434
0.85569
0.63302
1.031
1.6585
0.064501
0.40093
0.66914
0.34842
0.12055
1.0747
1.0793
0.13883
0.52438
0.614
0.66377
0.067235
1.2907
0.0023815
0.28397
0.30674
2.4253
0.63374
0.48592
1.0934
0.020768
1.1259
1.2441
1.9877
0.44804
2.4923
0.043994
0.94319
0.97807
0.96367
0.26385
0.9
1.544
0.16168
1.4744
1.7402
0.31598
0.44796
0.83241
0.47563
0.40803
0.35052
2.237
0.75066
0.04509
0.13175
1.069
1.068
0.47894
0.67677
0.59369
0.91633
0.032211
1.494
0.54533
0.52076
0.96602
0.35329
1.9725
0.2535
0.059078
1.0778
0.49143
1.9303
0.72829
0.46496
1.3333
0.13358
0.35132
0.49908
2.2302
0.13055
0.1659
0.17324
1.2602
0.77358
0.4743
1.2917
1.7774
0.25986
0.059021
0.1018
1.0982
0.081222
2.0144
0.061025
0.12275
1.1629
0.70675
1.9847
0.37242
0.5414
0.051361
1.1402
0.81026
1.284
1.2415
0.72251
0.47425
1.4332
1.2325
0.91994
2.6692
0.79633
0.69841
1.5434
0.85391
0.18615
0.016115
0.66826
1.1461
0.40045
0.025436
0.72669
0.34954
0.17205
0.86512
1.1704
1.5077
1.5096
0.27681
1.8561
0.4149
1.1048
0.56424
0.53544
0.29176
1.5323
1.9304
2.2867
0.18283
1.1618
1.3245
1.662
1.9741
0.17467
0.82501
0.95577
1.7568
1.1824
0.78535
0.59592
0.25507
0.51434
1.1591
0.91909
0.73271
0.30288
0.38692
1.4778
0.67956
0.23641
0.15483
1.5736
1.2978
0.18129
0.85462
0.74493
0.38204
0.20819
0.69589
1.6888
0.44788
0.16814
0.29477
0.31416
1.7044
0.097616
1.2178
3.6154
0.23448
0.45805
1.4093
2.1461
0.59254
0.65956
0.50631
2.3213
0.30074
0.52769
0.75764
0.55293
0.95194
1.7525
0.22897
0.23189
1.9544
0.24141
0.33438
0.79623
0.53346
0.58004
2.2849
0.81015
0.41535
0.13452
1.165
0.089502
2.7906
0.090864
1.7557
1.1193
0.13679
0.37575
0.79788
0.74171
0.67289
1.301
0.55628
1.0183
1.3904
0.32564
1.4753
1.2161
0.4602
0.043925
1.5
0.32954
0.96459
1.1848
1.1199
1.1823
1.9086
0.53247
0.57948
0.43449
1.689
0.42867
0.3721
0.34049
0.7627
0.31941
0.72792
0.92893
0.94342
0.29807
0.79684
0.32684
0.68442
1.1801
0.34818
1.1295
0.51134
0.28126
0.85679
0.090148
0.18785
0.88928
1.8659
0.39851
1.2794
0.73965
0.13731
1.0538
0.87148
0.53892
1.5355
0.81015
0.44129
0.47762
0.023758
1.831
2.6188
0.18434
0.012859
0.49284
0.45075
0.24149
0.74247
0.52567
0.67182
0.56185
2.0158
0.99786
0.528
0.80889
0.44957
0.10014
0.0040972
0.68008
0.71341
1.2794
0.37839
0.1933
0.3411
0.35905
0.28221
0.38199
0.10627
0.41249
0.18549
0.11328
1.3912
0.34566
0.33333
0.052946
0.37117
0.094012
0.15764
0.5922
1.6334
1.0201
0.015275
0.39326
0.88925
0.29412
1.4868
0.72914
0.3672
0.82591
0.62613
0.063333
0.6972
0.67378
0.78104
0.57558
0.67577
0.89153
1.115
2.0778
0.30685
1.2664
0.56839
0.51848
2.4436
0.34192
2.5414
1.4061
1.1192
0.39385
0.46895
0.76213
1.7094
0.37178
1.3575
0.25316
0.9121
0.95714
0.57845
1.7575
0.5947
1.042
0.83083
0.4384
0.98596
0.81692
1.0994
0.68919
0.94558
0.718
1.7903
0.87565
0.85698
0.91966
0.72686
0.88005
1.0322
0.22274
1.2914
1.228
0.62059
1.1718
0.35985
1.2641
0.31711
0.8204
1.7806
1.661
1.4274
0.17347
0.26884
0.25499
0.11983
0.41532
0.91714
0.39635
0.024695
0.6674
0.79493
0.85558
0.16384
0.86318
0.29064
0.26589
0.55574
0.23755
0.84677
0.0086704
0.8795
1.3019
1.5785
0.44007
1.7159
0.65986
0.21897
1.5131
1.3868
0.078141
0.81661
1.036
2.0933
1.6129
0.56814
0.23354
1.7497
2.5408
0.096657
0.76814
0.16774
0.040043
0.7778
1.5548
0.1231
0.82994
0.031267
2.4898
0.18203
0.31394
1.923
1.7306
0.15037
0.91746
0.1153
0.69183
0.38496
0.87637
0.54646
0.94835
0.64202
1.245
0.092967
0.71711
0.012789
1.3606
1.1867
0.98404
0.40179
0.81035
0.41981
0.65526
0.24077
0.75342
0.72168
0.089246
0.47127
0.85186
0.76797
1.7057
1.5619
0.50964
0.062817
1.0025
1.0532
0.65159
1.0545
1.3145
0.74108
1.3366
0.71982
1.2559
1.4022
0.66101
1.0564
0.45592
0.01409
0.61982
0.38017
0.33323
1.8445
0.72829
0.40125
0.56889
0.14034
0.97184
0.53849
0.56777
0.71616
2.9424
0.94545
0.015435
1.2202
0.011679
0.00041001
0.53665
0.83328
1.1022
1.4198
1.1768
1.0506
1.2486
2.0263
0.091231
1.136
0.51474
0.11018
0.15948
0.42615
1.0411
1.0803
0.7497
0.64816
0.61198
2.2972
0.8938
0.33525
0.032531
0.98612
2.0652
0.70079
0.47978
0.38816
0.21195
1.2353
0.54738
0.14914
0.15605
1.3342
0.53438
0.30217
0.012842
1.2244
0.1891
0.89033
2.4947
1.3571
0.60852
0.879
0.55054
0.92828
1.6592
0.50028
0.17025
0.60732
0.027451
0.16579
0.35307
1.1722
1.4402
0.88013
0.57845
0.79113
1.5068
2.1354
1.1776
0.088571
0.045394
0.062001
0.048636
1.9682
0.89922
0.11771
1.4718
0.20897
1.6862
0.10259
0.66606
0.13858
0.0064393
1.8415
0.06007
1.6251
0.16476
0.55127
0.37621
2.2272
1.5867
0.97586
1.0997
0.43313
0.68347
1.2035
0.75269
0.99189
0.25001
0.002463
1.3631
1.8737
1.9231
1.301
2.4498
0.56279
1.5001
1.1016
1.1264
1.2721
0.90446
1.0747
0.6283
0.32265
1.429
0.37081
0.17322
1.2716
0.6802
0.84798
1.2471
0.23563
0.10786
0.36684
0.82041
0.72948
0.057462
1.7843
1.7999
0.8809
0.62393
0.15725
0.60768
1.3292
0.66061
0.48276
0.41336
2.5
0.58926
0.59185
0.18495
1.0769
1.6486
0.56078
0.95164
0.40621
0.91008
1.4636
0.45038
0.94565
0.0053434
0.21653
1.2097
0.22085
1.3607
0.83793
0.081557
1.051
0.34659
1.4267
0.065455
0.24497
0.9774
0.30911
1.3983
0.12819
0.51941
0.31637
0.74163
0.14256
0.28072
0.42578
0.93139
0.49168
1.0124
0.80033
0.95182
0.61885
1.0567
0.51148
1.0017
2.4743
1.4669
0.99607
0.87354
0.49774
1.0228
1.4327
0.18562
1.1292
2.3048
0.56134
1.3242
1.2322
0.43412
0.6082
0.089484
0.38668
1.0218
1.7291
0.7079
1.8369
1.7288
0.28683
2.0836
1.7316
0.18644
0.61057
1.0092
0.71869
0.4104
1.3398
0.017801
0.94749
0.28724
0.28392
0.22505
1.0606
0.52998
1.5208
1.933
1.2378
0.45389
0.16094
0.89208
0.11941
0.77076
0.26326
0.67307
0.98929
0.88711
0.73678
0.46979
1.4508
0.84585
0.20677
0.37985
0.81498
1.8706
0.24553
0.22192
1.6096
0.9184
0.45275
0.21343
0.42726
2.0568
0.56665
0.60927
1.1772
0.29939
1.7867
1.3318
0.41623
0.97085
0.07433
0.79748
0.93958
0.46428
1.8032
1.1907
0.26771
0.20941
0.89718
0.84333
1.8404
0.58295
0.7017
0.4242
0.92583
1.4444
0.25214
0.28852
0.076153
0.71644
0.53925
0.56182
1.8263
0.32833
0.50543
1.7651
0.18594
0.15287
0.82722
2.2861
0.69254
1.2917
0.65159
0.22808
0.11004
0.2479
0.80586
0.32895
0.88152
0.11419
1.0557
0.70685
0.13804
2.2483
0.19724
0.15359
0.63659
0.2454
0.20225
0.84856
1.5863
0.36992
0.56771
2.0328
0.75781
0.03779
0.90539
0.16326
0.25613
0.17031
1.0944
2.0224
0.32819
0.46033
2.5588
0.64245
0.46617
0.74851
0.92053
0.48161
1.2132
0.83491
1.6721
1.2311
1.3727
0.78693
1.4911
0.25564
2.3666
2.0748
0.2064
0.85928
0.21907
1.5132
0.85902
1.7094
0.74788
0.38329
0.69295
0.71703
1.0305
0.23801
0.045835
0.052319
0.57137
0.1182
0.54702
1.4695
1.7044
0.13912
0.066589
2.0726
0.75931
1.1369
0.24126
0.35037
2.0368
0.9201
0.025385
1.4746
2.1646
1.4756
1.5044
0.81594
0.37034
0.10384
0.13447
0.18063
0.97937
1.8101
0.098996
0.7699
0.85772
0.7582
0.94622
0.36765
0.0703
0.080691
1.1194
0.82251
0.29417
0.3332
0.032303
0.17611
0.070289
0.084533
0.83576
0.62464
0.8733
1.0709
0.13436
0.80205
0.39378
0.2205
0.49721
0.73921
0.3251
0.039634
0.67636
0.29215
0.99056
0.1056
0.17366
0.97756
0.18989
2.1648
0.53191
0.31651
1.4634
1.3858
0.57443
0.7845
0.66728
1.5261
1.0707
0.60772
0.047578
0.83186
0.78978
0.98296
0.88696
1.7064
1.526
1.6512
0.6982
0.87061
1.0994
0.44883
0.96827
0.4117
0.58709
1.2483
0.43362
0.0593
0.2507
0.91893
0.72524
1.4664
0.41757
0.53383
1.0018
0.99678
1.3847
1.1726
0.36131
0.39906
1.6592
0.46739
0.68025
0.27355
0.14992
0.65328
1.6679
0.25279
0.90229
0.28343
1.6885
0.83829
0.47652
0.094843
1.7781
0.050197
1.4107
0.10252
0.41886
0.91123
0.26733
0.43696
0.18544
0.70285
1.1729
1.3053
1.8161
1.0718
0.15164
1.1716
0.93047
0.69563
0.53067
1.4395
0.90556
1.3699
0.89993
0.054896
0.99737
0.84107
0.23506
0.0077839
0.14131
0.61516
2.5278
0.35784
1.5746
0.28488
1.5697
0.67217
0.30726
0.42052
0.21602
1.4255
1.0385
1.0634
0.91328
0.73191
0.8817
1.6631
0.09777
0.35997
0.47232
1.4164
0.67979
0.0049494
0.6895
0.67688
2.27
0.065062
0.482
0.6845
0.17252
0.68712
0.051061
1.1197
0.46089
0.12097
0.067057
0.40797
0.77877
0.033353
0.28707
0.43148
0.18338
0.83438
0.85731
1.7465
1.1274
0.84032
1.7648
0.72958
0.87511
0.75883
0.1249
0.51289
0.036663
1.9822
0.33449
0.30757
0.52319
0.67641
0.23627
0.71658
0.39366
0.017542
0.13548
0.8316
0.24762
1.0782
0.38545
1.6949
0.3073
1.5548
1.1358
0.90112
1.2386
1.4037
0.28267
0.51461
0.71978
0.48792
0.19426
0.22285
0.6722
0.31641
1.0478
1.0645
0.82339
0.53049
1.9837
0.17356
1.3474
0.71483
2.2973
1.88
1.9619
0.20782
0.63828
0.24899
1.2032
1.1579
1.5838
0.023926
1.2078
0.016377
2.0495
1.4606
0.70049
0.72346
1.5213
0.22739
0.039195
0.004866
0.3993
0.68217
0.59627
0.28915
0.47627
0.84352
0.94639
0.23233
0.0984
0.11653
0.27269
2.0136
0.91568
0.93065
0.18988
0.15095
0.26679
0.90457
0.79859
0.10826
0.6785
0.84499
0.25936
1.8396
0.57206
0.24842
0.69451
0.52186
0.8074
0.017399
1.5484
1.7421
0.27728
0.032432
0.46865
1.4472
0.15947
0.21421
0.40762
0.53401
0.93158
0.79143
0.25513
1.2614
0.18712
0.50247
0.53813
0.23915
0.045158
0.071319
0.52357
0.65424
1.8452
0.037262
0.38369
1.1972
0.54708
0.15706
0.11882
0.88193
0.35167
0.82266
0.47766
1.0442
0.384
0.69243
1.777
0.81479
0.8742
0.91823
0.20671
2.3554
1.0834
0.46375
0.56715
1.6567
0.059883
0.60783
0.14887
0.41158
0.36539
1.5078
0.11318
0.60891
0.27584
0.050417
1.1311
0.94718
0.59878
0.97606
1.567
0.75868
1.1606
0.146
2.6003
0.88195
0.23384
1.9718
0.179
0.029341
0.1621
0.41103
0.18514
0.035007
0.4833
2.4359
1.6217
1.0995
1.7532
0.4564
0.17983
0.21583
0.59541
0.078807
0.25221
0.8204
0.32038
1.3186
1.5924
0.96982
0.049417
1.2718
1.0465
0.31848
0.16104
1.0751
1.2855
0.35888
0.3578
0.11269
0.46914
0.1598
0.98264
0.38065
0.81819
0.80361
0.11003
1.4256
0.7194
0.63975
1.9996
0.33404
0.78612
1.5803
0.67151
1.5312
1.2954
1.0878
0.70982
0.72538
2.3807
0.78043
0.15476
0.52948
2.0818
1.7415
0.64836
0.032246
0.78938
0.80468
0.70965
0.17083
0.63338
0.82239
0.84248
0.17934
1.4782
0.38766
0.97965
0.64609
0.72332
1.1412
1.2012
1.3792
1.9933
1.5919
2.0992
0.58316
0.098512
0.76484
0.20721
0.032767
0.46545
2.5318
0.98127
0.5692
0.49982
1.9049
0.16147
1.2519
0.33264
0.38689
0.19121
0.14176
0.85182
0.53126
0.017533
0.95304
2.0581
0.68285
0.18879
0.72612
0.045081
0.095497
0.2725
0.99027
0.92344
0.40696
2.5389
1.8079
1.8571
1.4885
0.92699
0.35271
1.0772
2.3697
0.068181
1.2896
0.5547
2.4694
1.5574
0.69978
0.33358
0.75122
1.8446
1.0886
0.12717
0.26077
1.3541
0.13186
1.5862
2.5782
0.74519
0.15369
0.50397
1.0635
0.37013
1.2502
0.80128
0.55599
1.5253
0.6191
1.4502
0.92483
0.62635
1.5329
0.023542
0.11786
0.85743
0.52687
1.1161
0.3712
1.185
0.90753
0.44049
1.1379
0.28303
0.19357
1.4361
0.25255
0.25627
1.2956
0.53139
1.2036
0.091807
0.79725
0.75756
0.33938
0.3948
0.67598
1.1929
2.2972
0.49885
0.57359
0.50124
0.16401
1.4621
0.32599
1.4544
1.5494
0.12907
0.36853
0.047693
1.6641
0.81897
0.47823
0.85897
0.17469
0.016343
0.77037
1.3085
0.6106
0.65957
0.18435
0.55549
0.54058
1.3694
0.13735
1.6863
0.036948
0.021222
1.6227
1.9069
1.6265
2.1653
0.79831
1.3046
0.60454
0.52282
0.74616
1.1837
0.85216
0.40175
1.0564
1.1478
0.25765
0.036967
0.50948
0.3365
1.1847
0.51568
0.23454
0.099661
1.0206
0.36939
0.82814
0.32375
1.13
1.8753
0.16187
0.95104
0.35779
0.81784
0.4235
1.2663
1.1116
0.89864
0.48287
0.49549
1.184
1.5834
0.4959
0.29612
0.99225
0.17275
1.5086
1.3084
0.53094
1.1041
0.098772
0.124
0.67611
0.59824
0.22975
0.05341
0.6659
0.79147
2.0227
0.65898
0.033045
0.61612
0.075187
1.1628
2.2651
0.40201
2.1558
0.80248
1.2975
1.6631
0.8214
0.49771
0.47221
0.43746
0.36188
0.085792
0.67474
0.0084921
0.79325
0.014886
0.45193
0.74425
0.78764
0.45245
0.12149
2.6229
1.3817
0.40926
0.75792
1.028
0.94057
1.3609
0.1326
1.8202
0.064924
0.20229
0.88244
0.15316
0.2805
0.39546
1.1841
0.33933
0.17096
0.47416
1.6896
1.4622
0.27214
1.0477
0.57237
0.33865
0.24308
1.4707
0.7782
1.1403
0.1932
1.5553
0.10251
0.98664
1.2468
1.9227
0.0054453
0.46446
0.74679
0.091122
0.43023
0.89571
0.36851
0.70379
0.86939
0.95926
0.90764
0.18288
0.7012
1.0767
0.57263
0.55769
1.4813
1.4683
0.84388
1.3413
0.40142
0.49058
1.4232
1.512
2.4293
0.4421
0.17356
0.35331
0.44565
1.6193
1.7089
1.6044
1.217
1.1901
1.1958
0.25257
1.6576
0.58609
0.39666
0.23793
0.51266
1.1887
0.75431
1.2854
0.52665
0.45367
1.5789
0.59443
1.0439
0.96436
0.75068
1.2363
1.0211
1.8001
0.12948
2.6104
0.069236
0.049131
0.48819
0.10619
0.44708
0.69365
0.89145
0.044143
0.67684
0.25252
0.49218
0.27377
0.33614
0.28769
0.38289
1.5084
0.14225
0.18674
0.77415
0.0060983
1.5499
1.2983
0.97768
0.14882
2.3397
0.24378
0.51732
1.3502
0.18441
1.6843
1.2859
0.87053
1.8503
0.54132
0.64043
0.38594
0.60403
0.37635
0.18731
0.22971
0.12726
0.43205
1.4543
0.48928
1.8939
0.028227
1.2456
0.67808
0.69225
0.58636
1.2402
0.075498
1.4682
1.3675
0.30321
0.41244
1.033
0.61245
0.15652
2.9882
0.69555
0.85232
0.19773
1.8134
0.53301
0.65418
0.93444
0.22534
0.15988
0.068586
0.35517
0.86984
0.45695
0.81827
0.40932
0.52565
1.5186
0.87684
1.6379
0.8608
1.1171
1.3035
0.27273
0.16248
0.5108
1.707
0.85699
0.084473
1.2361
0.76198
0.29137
0.66014
2.6279
0.70428
1.511
0.65986
0.54398
0.5042
0.47689
0.56131
0.81734
0.54286
0.84988
1.6735
0.41357
0.079594
0.59034
0.32453
0.27368
1.3833
0.42407
1.2236
1.0372
0.0062536
0.53302
0.76491
0.67585
0.73526
1.7386
0.47587
0.6159
0.96321
0.70914
1.4151
0.034034
1.9206
0.19071
0.36469
0.41926
0.45829
0.40996
0.71638
1.6199
0.57385
1.9084
1.5362
0.94254
1.3097
0.37048
0.013205
0.31417
0.24531
0.68668
0.09723
0.90194
1.8687
1.1707
0.65097
1.9293
0.77639
0.322
1.0062
0.83676
0.14145
1.7805
0.41334
0.26966
0.86586
0.29785
0.74121
0.079207
1.1235
0.94097
1.022
0.71073
1.9529
1.1398
0.36285
0.34547
1.2201
0.61636
0.42041
1.8434
0.7347
2.2832
0.026172
1.4507
1.5117
0.035006
0.23227
0.54935
0.016379
0.30413
0.44368
0.21607
0.86733
1.852
0.16013
1.7424
1.2411
0.78471
0.89399
0.23458
1.7536
1.0127
0.76065
0.62115
0.45288
0.65756
1.4863
1.1143
0.15114
1.6425
0.63582
0.98974
0.9045
1.6997
2.7396
1.1877
0.64819
0.64827
0.59097
0.89766
0.10603
0.57848
0.30753
0.5983
1.1153
0.073172
1.1032
1.2475
0.44195
0.020817
0.28387
0.26571
0.32063
0.79239
1.4397
0.17743
1.5493
0.42445
0.91336
0.96699
0.52601
0.33706
0.51052
0.55921
0.63771
0.13109
0.2114
0.18285
1.4979
1.8654
0.45731
0.0017629
0.60641
0.67587
0.31649
0.65821
0.46453
1.454
1.0772
0.1253
1.2184
0.89226
1.8836
0.84454
1.281
0.38765
0.71748
0.041928
0.12521
0.52427
0.82312
0.41525
0.10847
1.3796
0.89851
0.93191
0.88659
0.1108
0.83887
0.2767
1.7705
0.47461
0.78385
0.87514
0.027595
0.53866
0.50804
1.5691
0.76436
0.92569
0.88355
0.027963
0.48403
0.72563
0.10479
1.1134
0.26669
0.12124
0.20639
0.30293
0.28004
0.83305
1.311
1.8782
1.8939
0.1018
0.65189
0.31549
0.33951
0.72169
0.79809
0.053992
1.2438
1.2001
1.6505
0.66085
0.33094
0.54015
0.47023
1.346
0.70578
0.28215
0.61348
0.1564
0.11424
1.2576
0.69127
0.28737
0.45329
0.45058
0.54482
0.28571
0.78207
1.238
2.6184
1.4794
0.55594
0.20513
0.30753
1.0467
0.75721
0.091433
1.9285
1.9621
2.2341
0.16495
0.143
2.0333
0.14076
0.84989
0.50631
1.0381
1.8574
0.78027
0.42718
0.17046
0.38433
0.91516
0.88767
0.91561
0.0033753
1.3128
0.57699
0.78734
0.32136
0.17284
2.2461
0.86328
0.01664
0.30368
1.6243
1.5401
0.084679
0.020695
0.9821
0.26342
1.3125
0.18137
1.5717
2.1942
0.66892
1.3062
2.2667
1.2743
0.657
1.7727
1.3112
0.13829
0.17467
1.283
1.1269
0.66429
1.3324
0.92306
0.44653
0.0090591
0.95059
0.077162
1.3017
0.19979
0.18991
0.74815
0.83505
1.8173
1.1356
0.52602
0.3001
0.67733
0.25442
0.37561
0.66375
1.3108
0.18992
0.010167
1.1342
0.37218
0.31576
0.15135
0.51227
0.081875
0.29118
0.061968
1.2097
0.24459
0.73919
0.42833
0.66383
0.57221
0.50326
1.3768
1.1212
0.63958
0.099812
1.0016
0.44196
1.3477
0.94246
0.52331
0.017056
1.3699
0.74453
0.63706
1.4211
0.048206
1.5472
0.5463
0.034393
0.54612
1.6902
1.6016
0.40863
0.53234
0.93261
0.56948
0.034394
0.23113
0.62101
2.2913
0.53099
0.79341
0.7663
1.2373
1.9649
1.4612
0.81264
1.7902
0.85132
0.97259
0.64628
1.4308
1.2862
0.8858
0.99183
1.5313
1.8916
1.7097
0.19489
0.46718
0.26014
1.1746
0.27849
0.14649
0.24248
0.83441
1.8851
0.119
1.0091
0.42741
0.69408
0.15552
0.86734
0.99206
0.050116
0.7571
0.41636
1.2576
0.83215
0.95203
1.4545
0.84061
0.77957
0.59761
1.1592
0.45759
0.73392
0.80202
1.2201
0.38321
0.25489
1.2149
0.37321
0.13659
0.98419
0.19049
0.96168
1.7559
0.35851
0.74082
0.43685
0.39851
0.23415
2.922
0.66919
1.5329
0.94896
1.455
1.2945
1.3869
0.78428
0.010699
0.043937
0.77993
0.56691
0.63005
1.1835
0.8326
0.035667
2.1166
1.8366
1.6949
0.1243
0.76955
1.5142
0.086162
0.06813
0.76218
0.4837
0.79641
1.1633
2.1126
0.88704
0.48165
1.1783
0.42775
1.0933
0.75978
0.7796
0.23275
1.2618
1.4247
0.7838
0.53697
0.3021
0.12719
1.3178
0.27225
0.25069
1.6388
1.0494
2.0959
0.21836
0.66445
0.19663
3.0793
0.25194
0.77145
0.62696
0.69745
0.087581
1.0724
0.89909
0.19329
0.66652
0.06773
0.53826
0.24767
0.63422
0.57163
0.6686
0.43909
0.37998
0.52557
0.2866
1.8315
1.3555
1.487
0.61505
1.5949
0.58819
0.59465
0.27217
0.61181
0.73189
2.0651
0.44415
0.36669
1.7233
0.2687
0.90733
0.8987
0.28772
0.79252
0.93857
0.16333
0.52067
1.286
0.58942
0.17425
0.51254
1.1492
0.52514
0.47982
0.37361
0.61462
0.14527
0.64438
0.86887
0.035052
0.1919
0.9586
0.26731
0.2625
1.0303
0.53488
2.3042
1.0508
0.97875
1.1427
1.6082
1.4658
0.56911
0.408
1.9778
2.4495
0.12163
1.825
0.30679
0.61178
0.37775
0.11502
1.7561
1.3953
2.0216
2.3453
0.49653
0.23678
0.074562
0.1598
1.2537
0.203
0.66876
1.3272
0.54874
2.3985
0.42348
0.039861
0.46494
0.72153
1.3777
1.1148
0.077475
0.94908
0.1699
1.6392
1.0365
0.38258
0.26119
0.91181
0.40433
0.43613
0.36385
0.6861
0.031962
0.13344
1.239
0.98836
1.0967
0.091346
0.68606
0.94101
0.88728
0.40201
0.60617
0.3317
0.58506
0.82532
1.8111
0.98735
0.80476
0.47988
0.71243
0.15882
2.0044
0.40839
0.6996
1.6047
1.0177
1.1623
0.84984
0.87382
0.061368
1.245
1.1824
0.46033
0.85359
0.57244
0.96734
1.757
1.1563
1.0244
2.7679
0.040455
0.089279
1.1147
0.252
0.1369
0.3926
0.29945
0.99669
0.57448
2.0067
1.0426
0.35138
1.3404
1.2376
0.083443
1.153
0.52706
0.32764
1.9217
0.30525
0.74201
1.7505
0.95547
0.77475
1.1526
0.94433
0.15339
0.13232
0.67415
0.5468
0.79619
0.099247
0.48406
0.36042
0.2084
0.26162
0.89233
1.6022
0.69917
0.53204
0.47506
1.6085
0.61309
1.9396
0.03766
1.2476
0.95034
0.57253
0.50183
0.088091
1.0422
0.52156
0.16946
0.42363
0.43889
0.76272
0.9722
0.41456
0.23653
0.29131
0.50769
0.45271
2.0608
0.18271
0.58013
0.29883
1.0296
1.3256
0.56263
0.19007
0.070167
0.053805
0.31111
0.80783
1.3784
0.079009
1.4462
1.1746
0.7344
1.0976
0.46953
1.8788
0.91876
0.85784
0.59266
0.095871
2.195
0.20683
1.2913
0.45531
0.45151
1.9788
0.29456
0.4628
1.1027
0.40402
0.2646
1.1104
0.81159
0.52637
1.7167
1.7129
1.4088
1.5759
1.5405
0.19378
0.33046
0.58307
0.95844
0.20879
1.6927
1.0381
0.40513
0.20012
1.1142
0.56876
0.44731
0.60331
1.1409
0.41648
1.0897
1.2186
1.6418
2.5927
0.82263
0.96226
1.7829
0.18742
1.2419
1.7451
0.40527
1.718
0.35776
0.48356
2.4162
0.18868
1.5443
0.71215
1.2476
0.32511
1.2029
0.81929
0.60858
1.3806
0.92784
1.3643
0.65894
0.68609
0.18855
0.71209
0.39636
0.79893
0.14544
0.96691
0.50426
1.0619
0.76997
1.0086
0.336
0.69743
0.025772
2.0307
0.29176
1.2874
0.35956
0.11082
0.65158
0.58884
1.6589
1.1186
0.82803
0.070469
0.8343
1.7355
0.25503
0.084784
0.95184
0.33728
0.80372
1.8398
0.86668
0.085338
0.83723
0.38064
0.25
0.37188
0.63807
0.11692
0.88399
1.9897
0.47155
0.21787
0.57323
0.035482
0.64067
0.08853
1.8533
0.0063535
0.22097
0.12155
0.41836
1.0993
1.8381
0.90263
1.234
0.684
0.049537
1.4204
1.489
1.1996
0.16164
1.3866
1.542
0.71407
1.7354
0.24538
0.57633
0.85826
0.76478
0.034268
0.52586
0.28571
0.43207
0.10738
1.0384
1.3852
0.81301
0.040593
0.7539
0.30408
0.66539
0.024132
0.15618
0.057923
1.4536
0.66113
0.06529
0.67184
0.080537
0.53977
0.01721
0.27558
2.3292
1.0731
0.57703
0.87207
0.41382
0.76579
1.2423
0.086335
1.3463
1.0552
1.0676
0.061303
0.08384
0.15947
1.2901
0.49607
0.29007
0.56262
0.43615
1.3041
0.10963
0.28805
0.049676
0.04631
0.033416
1.496
0.12411
1.333
0.13698
0.99866
1.8821
0.60037
0.27605
1.2052
2.6359
1.2283
0.39456
0.8209
0.21816
0.27206
0.38799
0.11078
1.4604
0.86263
0.10184
0.31421
0.93741
1.2677
0.53954
0.006027
0.99413
0.47046
1.7073
0.72826
0.21848
0.55433
0.89284
0.38985
0.5281
1.3486
0.49489
0.16429
0.69282
0.19695
0.23028
0.10942
1.4122
0.59249
0.2368
0.69475
1.0013
0.59277
0.46205
0.39523
2.9372
0.11772
1.8249
0.87089
0.8337
0.078979
0.65102
0.24448
2.0968
0.053512
0.47654
0.66631
0.78526
1.0299
0.80239
0.055002
0.62471
1.253
0.33734
0.69996
0.28686
0.3167
1.7943
1.219
0.077172
0.51728
0.3649
2.3713
0.34141
1.3622
0.60989
2.4436
0.042713
1.2387
0.44355
0.64013
1.2144
1.0741
0.77943
0.8494
0.43243
0.25164
0.2034
0.70181
1.4759
0.24664
1.7321
0.4629
0.15809
0.50043
0.21402
2.3376
0.51806
0.57163
0.51208
0.94488
0.21765
1.4111
1.3559
1.0324
0.64055
2.0051
0.10368
0.26629
2.082
1.2105
0.25785
1.4548
0.79932
0.9884
0.13083
1.7209
1.8129
0.12171
0.2943
1.7717
0.12057
0.10452
0.8986
0.53649
1.1149
0.1718
1.1929
0.69131
0.80025
1.748
1.6497
0.31821
0.638
0.97873
0.81364
0.35139
0.23866
1.7012
0.7172
0.79203
0.52251
1.1497
0.21877
1.7552
1.2505
1.3508
1.5968
0.70335
0.52792
0.099919
1.2001
0.45733
0.87709
0.78296
1.1041
0.93137
0.81618
0.25146
0.98554
0.24058
0.67162
0.30938
0.58359
0.82964
0.24689
0.24052
0.19608
0.1801
0.8098
0.22778
0.7482
0.088181
0.23549
0.94748
0.26364
0.51856
0.86554
0.20559
0.028363
0.54712
0.27909
1.2501
0.74308
1.0024
0.011544
0.040411
0.97452
0.05379
0.072774
0.21175
1.3765
2.9457
0.2753
1.5887
1.64
1.1718
0.77844
1.5242
0.31266
1.6774
0.45059
1.6127
0.0010679
0.28455
0.6976
0.8543
0.33236
1.5033
0.69733
0.84027
0.16916
1.5619
0.32196
1.2714
0.58164
0.92671
0.53402
0.63044
0.040632
1.7461
1.6851
1.0094
0.02694
0.15821
0.045724
0.2763
0.51116
1.3386
0.65324
1.057
1.0188
0.39783
0.98463
0.41715
0.37616
0.83123
0.39163
0.65157
1.1888
1.0959
0.56297
0.54142
0.052916
1.4759
0.234
0.83409
0.89555
0.41675
0.052879
0.95121
0.78839
0.97373
0.313
1.3697
0.44225
2.2593
0.16492
1.781
0.78121
1.0242
1.1698
0.6747
0.20705
1.4409
1.0802
0.93396
0.029895
0.42675
0.72688
0.28311
0.38278
0.1056
0.05894
0.96595
0.3239
0.86884
1.2443
0.67786
0.56185
0.63185
1.8413
0.093617
0.3871
0.26461
1.5515
0.043168
1.0688
0.3986
1.2367
1.4903
0.86379
1.1325
0.098579
2.322
1.8833
0.85087
1.0085
0.50759
1.7521
0.55177
0.46149
0.5989
0.68112
2.3322
0.96224
0.29721
1.9093
1.6817
0.86373
0.52216
0.30786
1.0873
0.48692
0.07515
1.2486
0.16025
0.84497
0.988
0.3844
1.0855
0.20721
0.39005
2.1412
0.37231
0.51596
0.73719
0.78907
3.0387
0.43603
0.80218
1.438
1.1208
1.2185
1.551
1.0592
0.33899
1.6155
0.18951
0.049928
0.67178
0.75392
0.063987
0.71779
2.5066
1.8323
0.17069
1.1212
1.0735
0.47913
0.79207
0.41642
0.86338
1.4737
0.22812
1.5395
1.3101
0.76909
1.8862
2.2609
0.80565
2.7176
0.057528
0.77599
0.30178
0.2054
1.5848
0.82064
2.2304
1.2676
