0.61142
1.0557
1.7483
0.33939
1.3108
0.19629
1.5475
3.4214
1.873
0.75802
1.0087
2.3392
0.25846
0.72638
1.8103
1.0319
1.2469
1.4884
0.50193
1.1472
1.0504
0.91295
0.61733
1.3251
0.99975
0.65159
1.3368
0.62741
0.52295
0.19248
0.71118
0.84022
1.1001
0.36665
0.9409
0.1393
0.23151
0.49388
0.5241
1.5775
0.41014
0.66252
0.65971
0.36332
0.99707
1.4163
2.0694
1.3739
1.483
0.47238
0.64319
0.72656
0.37312
0.23921
0.41033
2.5266
1.2007
2.4805
2.4911
2.1436
0.97143
1.2414
0.33941
0.26278
0.52891
0.73638
0.49323
0.31133
1.0708
0.45528
0.13938
0.65236
1.0667
0.90634
0.064083
0.30945
0.9466
0.1714
0.33616
0.64041
3.0138
1.3751
0.44403
0.18538
1.0248
0.17702
0.20593
2.7118
0.89438
0.71455
0.9397
0.91836
0.67124
1.1576
0.89111
0.20549
0.98681
1.2509
0.21168
0.17951
0.74124
0.8806
0.83912
2.3832
1.5343
1.8802
2.7132
0.84659
1.1647
1.5637
1.5651
0.2534
0.73845
0.71126
0.059212
1.6512
0.47356
0.46764
0.74274
0.41567
0.40772
1.8298
0.34794
0.84288
0.82391
0.68579
1.1312
0.50264
1.109
1.6429
1.584
0.40778
1.17
1.161
1.4757
0.54984
1.1702
1.5736
1.0571
0.66322
1.0936
0.41599
1.8146
0.15937
1.1292
2.4012
1.5245
0.27066
0.28929
0.91258
0.71084
0.49565
0.63138
0.43869
0.55887
0.57909
0.0065739
1.4824
0.83212
1.1235
0.90109
1.851
0.32807
0.051851
0.34515
1.2413
0.47427
0.14185
0.99054
0.2663
0.16666
0.5231
0.34604
0.56306
1.7117
0.62618
0.73849
0.87252
0.59315
0.31792
0.83851
1.2266
0.50104
0.22987
0.78344
0.33934
0.5888
0.2991
0.98365
0.27241
0.94929
1.3973
0.54847
2.3255
0.13314
0.069163
0.15733
0.93231
0.013198
0.28769
0.69623
2.2621
0.2477
2.6568
0.299
0.52545
1.0839
0.22175
2.1004
2.0833
0.42393
0.27415
0.17901
2.0698
0.21427
0.4414
2.4169
0.36446
0.27195
1.0286
0.36249
1.3223
2.1904
1.4354
0.89529
0.41605
2.3351
0.40271
1.433
0.92664
0.56093
0.28078
0.23934
1.8662
0.45751
1.547
0.065899
0.99473
1.1646
0.43826
1.7296
0.34622
0.75128
1.3604
0.78602
1.7315
0.23639
0.31103
0.97604
0.72137
1.2997
0.27495
0.42478
3.0023
1.9632
0.96356
1.3328
1.108
0.79641
0.51312
0.36005
0.81134
1.106
0.6162
0.91381
0.30603
1.6058
0.41679
1.2572
0.34587
0.63562
0.86249
1.3937
0.092346
2.546
0.57551
0.92059
0.11036
0.70173
0.95521
1.3742
0.51571
0.55065
0.93286
0.24254
0.36444
0.82295
0.42306
0.69469
0.78322
1.9285
1.027
1.514
0.82182
1.2816
1.9918
1.0446
0.25059
0.72817
1.941
0.88111
1.3673
0.71148
0.56009
1.4664
1.0636
1.5065
1.0098
1.2264
0.84298
0.53091
0.40814
0.98077
0.25453
0.64443
0.81791
1.2862
0.67127
1.1406
0.088392
0.46694
0.66816
1.1807
1.2194
1.0593
0.47536
0.24634
1.265
0.92609
0.49176
0.28498
1.9838
1.8954
1.0229
2.4443
0.26511
0.61954
0.27468
0.62754
0.40611
1.3141
1.7918
1.1178
2.0689
0.94544
1.1719
0.21315
0.74614
0.56598
1.4807
1.1568
1.4257
2.0346
0.21154
2.221
1.782
0.17979
0.46498
1.1798
0.74407
0.82535
0.57159
0.33629
0.63419
0.79919
0.045518
0.7312
0.78728
0.19649
0.43975
0.88502
1.7454
0.15033
0.43696
1.0264
0.55462
1.4526
0.31852
0.4402
0.66069
1.0541
1.9649
2.092
1.0585
0.35185
2.4962
1.4419
0.3255
1.3867
2.2546
1.015
2.2231
1.0555
1.2138
1.8735
0.44638
1.5132
0.4153
1.6199
0.091433
0.31786
0.23133
0.78792
0.29888
1.3435
1.2418
0.29207
0.14071
1.0569
0.84043
1.1575
0.10419
0.6808
0.92351
2.3216
0.17491
1.3659
0.69833
1.3267
1.1098
0.33779
0.24138
0.31362
0.28705
0.55757
0.4202
0.24097
0.35987
1.35
2.1129
1.1831
0.32461
0.65116
0.52731
0.9676
0.60905
0.85638
0.81155
1.4924
0.16617
1.0592
0.10138
0.61626
0.742
0.73486
1.0506
0.55067
1.4073
0.24786
2.0773
0.51276
1.4616
0.51228
2.5159
0.84576
0.32803
1.0583
1.0402
1.5321
0.42506
0.39968
0.96071
2.2213
0.7708
0.64372
1.6326
0.7238
0.53717
0.38596
0.21245
1.324
0.59063
0.364
1.8099
0.50428
0.61144
0.50008
1.0634
0.65419
0.12226
0.43381
0.072798
0.97029
0.2822
1.3037
0.83336
1.2506
1.1606
0.35128
1.5775
0.49869
0.6037
0.97675
1.6257
0.4394
0.9192
1.5852
0.073521
0.23166
0.088212
0.7579
0.41467
1.2657
0.56459
0.85081
0.53156
0.5352
2.7344
0.43005
2.9915
1.1652
0.29887
1.1637
1.9665
0.49905
0.99809
2.4812
2.2085
0.78863
0.69859
0.13409
1.5878
0.75747
0.92681
0.57323
0.2979
0.48219
0.63034
1.9076
1.6009
0.77656
0.67994
0.38501
0.024392
0.47507
0.18486
0.69765
1.283
0.28768
1.1671
0.29341
1.4565
1.172
0.79192
0.26217
0.85003
0.92021
1.9358
0.92042
1.9252
0.702
0.69862
1.6966
0.48497
1.3183
0.2004
0.98847
1.5279
0.59563
0.62172
0.42985
0.285
1.3261
0.30033
0.25601
0.80578
0.07808
0.34459
1.4698
0.48024
0.12481
0.57597
0.45819
0.62145
0.0097913
2.0944
0.06685
0.44717
1.7682
2.7774
0.5109
0.61363
1.4205
0.93962
1.5909
0.47509
1.0189
0.71604
0.99606
0.46309
0.70708
1.0763
0.55537
1.0762
0.72124
0.80766
1.3989
0.38393
0.66611
1.1628
0.94586
2.2206
1.4269
1.5126
2.7518
0.34026
1.728
0.73217
0.5945
0.99838
1.6821
1.3685
0.47286
0.87759
0.88828
0.71226
1.2235
0.53147
2.0034
1.0202
0.67923
0.64547
0.47501
1.2141
0.50334
0.47706
1.061
0.19759
0.92424
0.57692
0.62766
0.28021
0.67103
1.7739
0.82145
0.96888
1.6332
0.54895
0.32025
1.6107
1.2861
1.9454
0.58547
0.27632
0.26697
0.46456
1.2727
1.9396
1.3951
1.5996
1.6079
1.411
0.19213
1.05
1.849
1.8077
0.81449
0.37364
0.22826
0.46336
0.63321
1.7022
0.57862
0.71137
0.46263
1.8097
0.86136
0.66202
0.35897
1.3409
0.46841
0.43345
1.6721
0.53186
0.42976
0.79002
2.2698
0.247
0.70878
1.2549
1.9595
1.2294
1.4286
0.94105
0.26987
0.75535
0.44989
1.0509
1.1125
0.79779
1.2022
0.36239
1.1414
0.17637
0.50831
1.7619
0.37521
0.46202
0.45467
0.48023
0.7203
0.92433
0.41175
0.46143
0.25688
1.8633
0.72805
1.0597
0.77882
0.73375
1.6993
1.5015
1.2018
0.8097
1.0657
0.75258
0.44928
1.5858
1.8584
0.58005
0.95672
0.84556
0.53835
1.1749
0.31244
0.29068
0.72631
0.40548
0.28708
0.97085
0.32288
0.12026
1.3318
0.80187
0.88704
1.2169
0.14895
1.6244
0.73228
0.0039038
0.87506
0.22676
0.50738
1.1685
1.3322
2.0636
0.22156
0.50835
0.49963
0.99029
2.0827
0.41381
1.4217
1.3395
0.52826
0.19934
0.94992
1.6756
0.94657
1.3018
1.7366
0.29331
1.8127
1.455
0.40071
0.56211
2.519
0.53898
0.85756
0.33004
0.78312
0.67357
0.16406
1.3138
1.9209
1.6834
0.67601
0.28905
0.23302
1.7758
0.65286
0.71342
0.090958
1.8148
0.13904
0.95117
0.60845
1.1185
1.7948
1.5594
0.60431
1.8986
0.58677
0.44655
1.7651
1.052
0.28832
1.3335
0.61343
0.59578
2.6567
0.51565
0.38431
1.1267
0.62764
0.22502
1.257
1.0946
1.1135
1.2487
0.4623
0.30291
1.3953
0.11353
0.72323
0.6367
0.16354
0.30758
0.40473
2.6173
0.023498
0.41499
0.36601
0.77287
0.75179
0.79317
0.15461
2.3526
0.27922
0.16832
0.35326
1.3561
1.7945
0.81543
0.11623
0.4136
0.60862
0.33324
0.17443
0.59166
0.59816
0.87424
2.131
2.677
0.38277
0.98003
2.0725
0.45577
0.72952
0.53075
0.75618
0.21658
0.91539
0.25104
0.99757
1.1226
1.1112
0.067109
0.086647
1.721
1.1199
0.7456
1.1204
0.31821
0.69875
1.4467
0.17363
0.52679
0.27516
0.21961
0.87425
0.16649
1.8601
1.227
1.2867
0.14385
1.5029
2.2533
2.2127
0.1706
0.30365
0.3057
0.27229
0.79339
1.2039
1.6815
0.34407
1.4981
1.4284
0.65017
0.34817
0.36493
0.76444
0.4148
0.4279
1.2965
0.49782
0.1173
0.77151
1.0845
0.78141
0.47545
1.0651
1.5845
0.069804
0.52995
2.3144
0.43758
0.31241
2.7349
0.027471
0.88383
0.042663
0.27439
1.1675
1.2169
0.49356
0.63727
1.8989
0.43845
0.22784
0.39594
1.3826
0.58622
0.72877
1.2406
1.195
0.57352
1.9315
0.27963
0.45616
0.323
3.1038
1.8137
0.21521
0.16768
0.47381
0.87744
0.98217
0.12947
1.071
0.24787
0.70659
0.13453
0.40074
2.0782
0.076945
0.4805
0.077936
1.1454
0.36962
0.16627
0.90544
1.5682
0.65925
0.6827
0.62695
0.9934
1.5927
0.79965
0.17086
0.17935
0.88229
0.91546
0.75931
0.24314
1.4177
1.579
1.0732
1.4594
1.9651
0.48471
0.7354
0.81945
0.67802
2.7289
1.4621
1.1877
0.27217
0.82469
2.3233
0.76354
0.1653
0.20723
0.73059
0.25707
0.74682
0.27989
0.36531
0.80892
0.051257
0.50621
0.39404
0.22143
0.48535
0.82128
0.093174
1.4016
0.34124
0.78403
0.82297
0.16707
0.17453
0.6096
1.4306
1.1598
1.9478
1.5117
2.08
1.0574
0.76926
0.50944
1.5506
1.4986
2.2202
1.1639
3.1172
0.53331
0.7455
0.66132
0.21638
0.87688
0.4267
0.63639
0.29933
1.313
1.6931
0.31058
0.31766
0.5077
1.7594
0.1368
1.8603
0.27557
2.0624
0.90677
0.96771
0.56969
1.2801
0.93224
0.63971
0.7296
0.7731
0.72228
0.25002
0.59577
0.60257
0.92554
0.97733
0.35613
1.045
0.4585
0.95038
2.2623
0.77378
1.437
1.8278
1.2849
0.8055
0.18667
0.23677
0.17288
1.6913
0.25956
1.2827
0.59268
2.1266
1.6141
1.1623
1.3055
0.25052
0.12044
0.061865
1.973
0.80907
0.66197
0.027283
0.36471
0.17648
1.0587
0.55195
0.10973
1.3588
0.75732
1.4614
2.022
1.736
0.4842
0.88851
1.1503
1.0502
0.65121
0.70637
0.21187
0.45881
1.0721
0.55534
0.9011
0.76658
0.56698
0.36137
0.46009
0.67707
0.38906
0.50823
0.22433
2.1161
0.18885
0.070551
0.38265
0.89576
0.65887
1.2429
0.93736
0.16252
1.7927
2.072
0.28011
1.4998
1.501
0.8316
0.84733
0.47333
1.0169
0.41801
0.30659
0.2957
0.46447
0.20422
0.5193
1.0077
1.5009
0.70509
0.87705
2.4891
2.9089
1.7364
1.8775
0.5996
1.232
0.33571
2.361
1.952
0.94695
0.45335
1.1049
1.5132
0.32766
1.5749
1.1882
0.17436
0.98284
0.39296
0.57385
0.97066
1.6805
1.1443
0.36412
0.32074
0.42145
1.3984
0.48499
0.57413
0.73644
2.5634
0.46687
0.27718
0.3961
0.43406
0.90218
1.3011
0.91625
1.0251
0.25559
2.1539
0.23597
1.1026
0.90927
1.04
1.2168
1.162
1.3038
0.75727
1.0226
1.4349
0.15716
2.2832
1.666
1.5327
0.29382
1.0062
0.47543
1.0542
1.3272
0.47163
0.62628
0.42635
1.2836
0.34654
0.16643
0.38292
0.91041
1.429
1.3379
1.6988
0.70741
0.856
0.16478
0.46248
0.67812
1.2879
0.26803
0.61474
1.8071
0.7262
0.54622
0.78085
0.44983
1.1975
0.82022
0.79344
0.7133
1.9351
0.3009
1.5992
0.55696
1.5618
1.4914
1.3937
1.5883
1.3415
1.5948
0.77592
0.60628
0.40396
0.63692
1.1632
0.70475
2.5983
1.0689
0.5083
1.7886
0.38767
0.16734
1.3101
1.3173
1.299
0.61244
2.2661
0.30618
1.2565
0.21237
1.0449
1.729
0.50343
2.0582
1.0334
1.2046
1.302
0.55182
1.1999
1.799
1.122
0.52305
0.56669
0.47128
1.023
0.48874
1.7984
0.2023
0.80544
0.85837
2.437
1.101
1.7336
0.52809
1.271
0.75907
0.75782
0.66451
0.13222
0.070612
0.53226
1.1869
0.71676
0.30908
0.16981
2.425
0.9355
1.2658
1.0921
2.348
0.67881
0.87239
0.30021
1.0173
0.72843
1.1109
1.7649
1.098
0.7215
1.6784
0.87546
0.94527
1.0473
0.50455
0.33345
1.5366
2.099
0.96964
1.5271
1.4276
1.0665
2.2525
0.44748
0.6814
1.395
0.49208
1.1462
0.26897
0.32193
0.19189
0.83192
1.4713
0.6722
0.28331
1.5926
0.35717
1.0981
1.0227
0.19171
2.0539
0.24066
0.70307
0.70674
1.3766
0.42419
0.57982
0.34533
1.3639
0.88678
0.7941
0.49008
1.2508
0.44506
0.6792
0.23456
0.64668
0.59564
0.53933
0.30574
0.85609
0.8713
1.6161
0.31781
1.7703
1.107
0.79526
1.0389
0.42149
1.9787
1.2679
0.28468
0.7848
1.5965
1.5406
0.71069
0.14933
0.1359
1.6056
0.93708
1.1142
0.64243
0.13439
0.53913
2.176
0.90468
0.32734
0.37586
0.50545
1.8946
0.7306
1.4481
0.84805
0.67568
0.3012
0.82381
1.0792
0.67341
0.64197
0.54598
0.83978
0.76191
0.42164
0.15969
0.29268
1.1146
0.53968
1.5577
1.5583
1.3685
0.58094
3.5591
1.6763
0.11212
0.75912
0.23958
0.30342
0.25673
0.68858
0.45838
2.3158
0.26173
1.3195
1.2589
0.16468
0.39403
0.4403
0.33634
1.6796
1.157
0.74183
0.49447
0.44416
0.98729
0.30545
0.30185
0.32033
0.58808
1.0467
0.33169
1.0736
2.0439
0.44387
1.4289
0.96922
1.6154
0.26095
0.20078
0.86753
0.43967
0.54223
0.25672
2.6034
1.4331
0.32925
1.5174
0.65522
1.04
1.0859
0.50803
2.0376
0.28312
1.5262
0.13507
1.4777
0.72915
0.09911
0.27686
0.72366
1.0587
1.4285
0.55376
2.1107
0.28509
0.72815
1.0975
0.75523
1.6129
0.39513
0.36689
0.91013
1.543
2.1567
1.1904
0.46735
0.62222
1.5544
0.88524
2.1562
1.0968
0.62216
1.7479
0.88129
0.11375
1.3133
0.34409
1.4976
1.5873
0.53847
0.3619
1.3083
1.2296
0.55553
0.15869
0.48646
0.38278
1.9226
0.26005
1.3941
0.54344
0.46872
0.3167
0.47843
0.76963
1.0869
1.4972
1.4505
2.2666
0.26048
0.65955
0.7579
0.95634
1.9986
0.81088
0.47677
1.418
1.0103
2.082
1.1516
1.7026
0.45813
0.55361
1.47
0.13925
0.07142
0.549
0.20545
1.7201
1.2191
0.38869
1.0272
0.034308
1.2146
0.35566
1.0898
0.50568
0.12294
0.15079
1.1859
0.58036
1.9547
1.1508
0.30023
0.2931
1.2704
1.1728
0.47904
0.3385
0.3716
0.65127
0.82957
0.26567
1.3274
0.99943
1.4226
0.35726
2.0947
0.60146
0.99983
0.27155
0.21854
1.7754
0.65967
0.50417
0.49819
0.58075
0.80801
0.82257
0.57514
1.3273
0.71336
0.36114
0.41756
0.47795
0.76914
2.1693
1.1056
1.4665
0.87061
2.2232
1.6711
1.4634
0.6675
2.5867
0.34756
0.62006
0.73919
1.3887
0.49371
1.6177
1.1395
1.4854
0.55532
0.7641
0.71425
0.52308
0.25306
2.3228
1.1319
0.46495
0.85729
0.26347
0.56003
0.68394
1.2759
1.609
0.15804
1.8924
1.1729
0.79579
1.013
1.0141
0.018397
1.6307
0.30977
1.5899
0.5701
1.8326
0.47788
1.2339
1.1328
0.095392
1.1219
2.108
0.30342
1.0793
0.93496
0.17945
0.60149
1.1376
2.4298
0.98624
0.33791
1.1274
0.27938
1.4819
0.43447
1.8377
0.60025
0.41564
2.0254
1.1293
0.54006
1.3757
1.5205
0.22714
1.3735
0.78609
0.45728
0.36958
0.25112
0.52908
0.60305
1.6287
1.1213
0.37137
2.5909
0.32539
0.96923
0.51424
1.711
0.65934
0.11358
0.2396
2.4649
0.70701
0.46468
0.40951
0.59979
0.16835
1.7229
2.1363
1.491
1.6192
1.6743
0.80035
0.6047
1.5815
0.92297
1.0626
2.6759
0.33955
0.87264
0.83906
1.2387
0.45067
2.1488
1.0028
0.82009
0.85587
1.8851
0.79081
0.23158
0.37681
0.086612
0.82874
0.58981
0.68961
0.65176
2.8771
0.2207
0.99272
0.37607
0.16652
1.6536
0.36726
0.6211
0.72979
0.52258
0.82117
0.92027
0.86258
0.22057
0.24354
0.5549
1.1769
0.51215
1.0833
1.0255
2.2318
1.8258
1.0176
1.0046
1.2088
1.9062
0.40431
0.40852
0.74771
0.91993
0.2159
0.78209
1.1087
1.636
1.4776
1.3649
2.6159
0.72115
0.9239
0.32334
1.0352
0.54913
1.2646
0.12073
0.17211
1.1439
0.78234
0.34032
0.58421
0.27286
0.45382
0.35428
0.53126
1.283
1.1726
0.9691
1.0856
0.32742
2.0764
1.2767
1.2517
0.25325
0.79548
1.651
0.48147
0.65579
2.2527
0.5115
0.92851
0.23875
1.0565
1.5323
1.081
0.68434
2.246
1.172
1.6845
0.31497
2.4601
0.13411
2.5959
0.14903
0.54902
0.57451
0.049495
0.2395
1.215
0.22566
1.0088
0.52542
1.4804
1.7998
0.12938
0.36953
0.39846
0.74309
1.0954
1.0413
0.20961
0.29778
1.472
1.5971
1.7475
1.865
0.79538
1.6137
0.44058
1.0757
1.4498
1.6321
0.69737
0.48427
1.1773
0.5057
1.8829
0.25534
0.25702
0.2642
1.1849
1.2545
1.254
0.032637
0.45934
1.5321
2.345
0.56033
0.51258
0.28075
0.052665
1.7956
0.46719
1.1163
0.72357
0.10454
1.7237
1.3183
0.24393
0.74505
0.3571
1.3725
0.6909
2.5009
1.9951
1.5962
0.94084
0.58184
0.33049
0.96779
0.41647
0.80576
1.9331
0.82536
0.26964
1.2959
0.32661
0.68375
1.4196
0.45043
1.3311
1.2007
1.2517
1.1695
0.76977
0.048156
1.3074
0.50867
0.070511
0.55681
0.24624
0.027259
0.57409
0.25153
0.61496
0.49467
1.0924
0.28647
0.57575
0.91381
0.52289
0.30196
1.1089
0.45081
1.1164
3.6898
1.9102
0.83719
1.3473
1.1717
0.78784
0.39811
0.24579
0.68965
0.66384
0.18682
1.2833
2.3496
0.35918
0.92107
0.86411
0.24542
0.3853
1.5417
0.71658
0.23207
0.96525
1.0319
0.47911
0.25535
1.4587
0.57475
0.43167
0.95086
1.2146
0.8937
0.22447
1.0701
1.5786
0.23676
0.392
0.45671
0.97176
1.6382
0.70907
0.35804
2.3494
0.59866
0.33054
1.2791
1.2511
0.55508
0.50329
1.0285
0.94805
0.72312
0.21488
1.5269
0.51594
2.1245
1.6494
0.11661
0.28609
0.85054
0.84353
0.75956
0.4395
1.3939
0.31945
0.71661
0.96062
0.20559
0.89301
0.53237
1.4152
0.27509
0.63254
1.8452
0.59018
0.1492
0.46844
0.31006
0.68877
1.1586
1.0427
0.23229
0.89521
1.1829
1.1047
1.3395
1.6592
0.69256
2.2597
1.3883
0.21598
0.92382
0.42494
0.96455
0.31018
0.55904
0.682
0.92691
0.74287
0.27687
1.9104
0.17329
0.75617
0.67433
0.73312
1.156
1.0403
0.89151
1.0996
0.072712
0.64184
0.20066
0.2291
1.6491
1.0906
0.73036
2.0212
0.76769
0.96081
0.11969
0.73445
0.98819
1.0018
1.2029
1.4871
0.94795
2.1947
0.96632
0.21215
0.66441
0.27337
1.5589
1.1549
0.37588
0.37011
1.103
0.58398
0.87418
0.16473
0.46348
0.45698
1.5205
1.7318
0.061534
0.78356
0.73239
0.016068
1.735
1.2914
0.599
1.1804
0.93101
1.7298
0.8329
0.25738
0.43407
0.6027
0.26935
0.58193
0.58935
0.75827
0.43213
2.749
0.30574
0.73435
0.6146
1.6392
1.9313
0.31941
1.4644
1.2985
0.6569
0.90282
1.1954
1.0289
0.47056
1.1907
0.34807
0.65157
0.46162
0.95172
2.2308
1.5182
1.209
1.4629
1.612
0.25269
0.25312
0.2436
0.35869
0.66028
0.78384
0.13999
0.2134
0.52347
0.037568
0.58539
0.69027
0.51599
0.56347
0.10561
0.58007
0.51316
2.4892
1.4032
1.2917
0.80743
0.73991
1.2771
1.2229
1.1442
0.21467
0.24032
1.1948
0.62976
1.3678
0.76389
0.90553
1.5945
0.30876
0.4398
1.8403
1.1474
0.60709
3.0595
0.19876
0.37852
0.60839
1.2724
1.1165
1.0215
0.63082
0.70771
0.80793
1.4064
0.32814
0.91778
0.73128
0.88785
1.1572
1.4204
0.3473
0.73647
0.33353
0.2265
0.77618
2.0217
0.79738
0.48856
1.9019
0.76346
1.0252
0.8579
0.25772
0.78327
0.64829
1.1633
0.29558
2.0849
1.5848
1.448
2.4436
1.8556
0.69591
0.37849
0.82997
1.0039
1.5076
1.8331
0.27106
1.4075
3.9114
0.22729
0.058472
1.3397
1.0387
0.16594
1.1853
0.61314
0.76745
1.3755
0.67975
0.87862
1.1019
0.90341
0.89156
0.78932
0.49684
1.2501
1.3962
1.0313
0.67922
0.97301
1.1697
0.62591
0.85089
1.0458
0.69211
0.70059
0.23784
0.45226
0.35242
0.31675
1.3247
1.0176
0.62716
0.24184
1.5195
0.28095
1.2715
0.30805
0.51407
1.4454
1.1527
1.1739
0.069272
0.61536
0.40248
0.93486
0.7262
0.59405
0.6
1.7973
1.1465
0.69513
0.24964
0.1299
0.22362
0.89403
1.8753
0.54813
1.4936
1.5696
0.50242
0.43601
0.47949
0.40266
0.69046
1.8852
0.59701
0.83632
0.42147
0.86811
0.28964
0.55081
0.90867
0.83192
1.7914
1.0796
1.6487
1.2023
1.9851
1.8562
0.60718
0.57116
1.2449
1.2018
2.2029
0.024486
0.76188
1.0906
0.95312
0.42656
1.0018
0.78286
1.5196
0.42246
1.2253
0.45184
0.88708
0.45402
0.45657
0.9106
0.21041
0.90219
1.6922
2.9191
1.7758
1.2204
0.33055
0.43369
1.4585
1.1015
1.1334
1.1024
2.6607
1.2435
1.7107
1.9474
0.86519
1.3506
0.50485
1.6527
0.2275
2.3297
0.14149
0.24695
0.42161
2.1894
1.5553
1.4261
1.1127
1.2623
1.468
0.25166
0.036357
0.21612
1.4675
0.70449
0.43641
1.203
0.97406
0.86285
0.17683
0.86695
0.75816
1.159
0.42373
0.90595
3.1602
0.39053
0.96576
1.0145
2.4123
0.74898
0.46701
2.6763
0.28015
2.2089
0.73337
1.3268
0.33926
0.57966
1.5157
1.2933
1.4139
0.090948
0.063368
0.70545
1.351
0.6969
0.06546
1.8825
0.38058
0.90949
0.93355
2.3462
0.24243
0.80561
0.65837
0.70864
2.3298
0.61225
0.64371
0.53234
1.0239
0.1779
0.34357
0.62219
1.3616
0.2927
1.8865
1.8958
1.2202
0.58684
0.55631
1.2283
0.98045
0.28475
1.3583
2.2425
1.6277
2.3066
1.6628
2.293
0.95546
0.84168
0.044115
0.17052
0.8271
0.62652
0.26064
1.9054
1.427
0.29179
0.60437
0.10626
0.44064
0.3027
0.57087
0.71
0.90718
0.48522
1.6628
1.0829
0.69902
1.049
0.80994
0.42417
0.4626
2.6492
1.2395
0.67348
1.0216
1.3291
0.8247
0.72593
1.7025
1.2396
0.26058
1.5635
0.63779
0.4418
0.72669
0.58088
1.8718
0.295
1.8275
0.6906
0.49747
0.49204
1.883
1.6124
0.82948
0.80535
0.046398
0.42125
1.2084
2.6082
2.1156
0.27395
2.3411
0.4881
0.18106
1.6718
0.3375
1.3081
0.2195
0.29952
1.0389
0.34558
0.85505
1.0314
1.4123
1.1719
0.38642
1.4361
0.37313
0.60533
0.3181
0.30278
1.5399
0.42315
0.48396
0.85031
2.7556
0.42028
0.79982
0.20231
1.0248
0.8507
0.70668
1.539
0.52057
1.3683
0.91008
1.1645
1.1969
0.40807
1.031
0.83607
1.8704
0.5387
1.8085
0.37492
0.94153
0.38184
0.68692
1.6914
0.17781
1.0773
0.90163
0.94991
1.0094
0.56261
1.7259
0.78824
0.68128
1.4715
1.1142
1.1933
0.44179
2.0063
1.9554
1.4631
0.96203
0.94008
0.23689
2.1303
1.1079
0.54121
1.3068
1.0395
1.4418
0.59884
0.39612
1.4772
0.32709
2.1616
0.29948
2.2847
0.34065
0.28203
0.73831
0.18067
1.549
0.25089
0.89746
0.14574
1.7477
0.32422
0.86615
0.26041
1.5904
0.8027
1.1995
0.96484
1.0535
0.74306
1.4316
1.4693
0.78381
1.4081
0.27216
0.40221
1.04
1.0682
0.53728
0.71612
0.56348
0.70533
0.18297
1.0816
2.1703
0.74477
0.76185
0.71671
0.50486
0.26654
0.32512
0.84235
1.4717
0.97244
0.26711
1.0665
0.090101
0.50274
0.14134
1.4839
1.4142
1.908
1.0945
1.8527
0.63886
1.1766
0.68337
0.22783
0.47127
0.83718
0.92725
2.1515
1.2224
0.42442
0.44488
0.57219
0.18723
0.96345
1.3876
0.8175
0.64793
0.54826
0.39162
1.7198
1.3746
1.2924
0.089892
0.63823
0.25158
1.0126
0.19872
0.70071
0.29148
0.87126
1.719
1.2937
0.26639
0.20621
0.43626
0.57501
1.7746
0.29928
0.16585
0.26397
1.3714
1.5237
0.63316
1.3928
0.95863
1.2057
1.0371
0.80686
0.89409
1.1685
1.4544
0.27028
0.59229
1.465
1.1656
1.586
0.85649
1.9995
0.69831
1.2421
0.70125
0.10869
0.66984
0.15315
1.2824
0.78996
1.4847
2.0033
1.2365
1.4024
0.3013
0.40307
2.4601
1.7484
0.30035
0.46277
0.4963
1.2552
0.54563
0.15102
0.3248
0.14544
0.33624
0.62416
0.69409
2.0127
1.6513
0.30365
1.4233
1.2673
0.79417
0.29758
1.3346
0.48444
0.31607
0.34718
0.81078
1.0128
0.59741
1.3093
1.5973
0.16885
0.8208
0.23655
1.7417
0.74486
0.61246
0.56349
0.19338
0.70864
0.25822
0.43513
2.0113
0.52746
0.71584
0.63652
0.85585
1.1649
0.88792
2.0969
0.73907
1.8751
1.2805
0.35995
0.22975
0.47083
0.59897
0.43595
1.2733
0.97579
1.0066
1.4233
0.71582
1.9506
1.0993
1.1825
1.2506
0.67137
0.99141
1.1548
1.1429
1.6425
0.50809
0.1936
1.3835
0.79935
0.48949
0.52527
1.94
0.051634
0.96454
1.0058
1.358
0.99953
0.74691
0.11527
0.10124
0.82972
1.6181
0.27538
1.1214
0.21743
0.28628
0.9191
0.28999
1.5357
0.63194
1.0325
0.34171
0.87094
1.0513
0.45198
1.0088
0.97984
0.43337
0.51021
1.8606
1.3348
1.1764
1.975
2.2853
1.8907
1.9574
0.83073
1.3506
1.338
0.56009
1.8429
0.33094
0.32291
0.19298
1.2953
1.8286
1.2697
1.2358
1.298
0.19659
0.066592
2.0668
1.4665
0.30133
0.6336
1.0569
0.46035
0.33234
1.2871
0.35834
0.95364
0.51725
1.4887
1.0313
0.65298
1.4724
1.0435
0.99077
0.4766
0.57606
0.96807
1.3767
1.1329
2.006
1.1126
1.8577
0.43091
0.29693
1.0825
0.81596
0.31549
1.0654
0.3354
0.1929
0.22889
1.4826
0.20153
1.4698
0.012111
0.17576
1.39
1.5818
0.17146
1.0057
1.143
0.22425
1.1644
0.51294
1.8263
0.26386
0.42701
1.4204
1.8743
0.29812
1.1535
0.59913
3.2705
0.3112
0.52837
2.5643
0.71676
0.87489
0.69218
1.5461
0.90659
0.41223
2.0468
1.0114
1.0038
0.21469
0.87335
0.3186
1.7737
0.20184
1.2782
1.4941
0.59225
1.0686
0.78451
1.1829
0.32147
0.046469
0.83208
0.3049
0.33074
1.1257
0.31793
0.061684
1.2318
0.55894
0.4077
1.0411
0.11783
0.20257
0.33115
0.91265
0.76149
0.30824
1.4421
1.5905
0.97466
0.88075
0.92258
0.37234
1.8611
0.91563
1.2365
0.44113
0.7844
1.3684
1.4825
0.4139
0.80272
0.79453
0.841
0.20815
0.99184
0.88764
0.32993
0.16671
0.24566
0.36085
0.35744
0.54767
1.2702
0.51986
1.198
1.0104
2.425
0.88879
0.20521
1.1524
0.17752
0.67202
0.75176
0.137
0.91006
1.0997
0.96008
1.4943
1.8977
0.65914
0.22804
2.4219
2.0296
0.5708
1.6576
0.92706
1.6482
0.65828
0.35588
0.30511
1.6384
1.299
0.65542
1.3657
1.5576
1.3565
3.4669
1.7438
1.3067
0.42216
1.1677
0.90644
2.3798
0.31083
0.929
0.35724
2.2756
1.0463
0.11465
0.2442
0.91293
0.69718
1.3028
2.1775
0.24929
0.66888
1.0846
0.50199
1.4077
1.9711
1.3406
1.1124
0.30028
3.1805
0.65883
1.7073
0.47596
1.9696
0.19759
0.32902
1.2518
2.6851
0.69868
0.56775
0.87968
1.8292
0.55515
1.9049
1.2506
1.3978
0.8065
0.36977
0.51166
0.30431
0.057222
0.95925
0.66177
0.26723
0.30825
0.32844
2.0436
0.7723
0.11354
1.4104
2.0236
0.73604
0.39562
0.15534
1.0553
0.72609
0.35688
1.4001
2.0858
0.66281
1.1633
0.2914
0.47031
1.0561
0.85921
1.2099
1.1971
1.905
0.76498
2.2489
1.0342
0.70936
0.32111
1.9858
1.4082
0.091839
1.0145
0.42487
0.13063
0.55994
0.16717
1.0204
1.1833
0.81246
1.9304
0.27638
0.66119
1.1203
0.16758
0.55774
1.0571
1.5234
0.23705
0.97392
0.16759
0.65677
1.7442
2.1175
0.57157
0.572
1.026
0.53906
0.54289
0.25366
0.49979
1.2388
2.1025
1.8084
2.4651
0.39556
0.27494
1.7334
1.2423
0.39106
1.1732
1.072
1.2212
0.32694
1.6655
0.050174
0.4218
0.42089
0.16494
1.5469
0.58254
2.0243
1.7406
0.76633
1.4996
0.31505
1.5248
0.5688
0.46112
1.7264
1.4834
2.369
0.25762
2.1919
0.59828
0.69103
1.9634
0.54664
0.68561
2.0344
1.098
0.77328
0.6739
0.55423
2.5447
1.6271
1.3017
0.27308
1.0812
0.74161
0.1838
0.50144
1.7316
0.3486
0.33591
0.86088
2.2569
1.0502
0.83085
1.251
0.16207
0.41529
0.30927
0.055935
0.08396
0.24024
0.80534
0.76188
0.48516
1.5075
0.8874
0.66595
0.674
1.2603
0.7425
0.4555
0.45135
2.0089
0.60163
0.36847
2.1667
0.58298
1.3403
1.1321
0.30827
1.0386
0.23197
1.3791
0.57139
0.42017
3.4859
0.60709
0.54536
0.63303
1.4739
0.42976
0.66585
0.27392
1.6107
0.13243
1.1315
0.70594
1.2716
0.16834
1.7294
0.43492
3.0997
0.6722
0.72358
1.0137
0.88807
0.5277
0.89939
1.2398
0.43851
0.86477
1.1969
1.1297
0.69276
0.54952
0.37094
0.98785
0.27735
0.27853
0.88739
0.27025
1.5818
0.63421
1.8613
0.19799
1.6853
0.63645
0.9312
0.90898
0.76169
0.14506
1.5438
0.43898
0.74377
0.6078
0.164
1.2383
0.22751
0.79665
2.5875
0.81032
0.078419
0.67496
1.0612
2.1433
1.1176
0.10546
1.3759
0.13146
0.29577
0.72305
2.1413
0.23671
0.92839
0.7539
1.6388
1.8777
2.3243
1.4824
0.96647
