2	1	1	4.9352
3	1	1	0.37984
4	1	1	-1.3496
7	1	1	1.1435
8	1	1	-1.3275
9	1	1	1.5244
10	1	1	0.96789
11	1	1	1.6124
14	1	1	-2.9324
16	1	1	3.4409
17	1	1	-4.5643
18	1	1	4.1636
19	1	1	-0.42919
2	3	1	-5.5002
3	3	1	-0.42332
4	3	1	1.5041
7	3	1	-1.2745
8	3	1	1.4795
9	3	1	-1.6989
10	3	1	-1.0787
11	3	1	-1.797
14	3	1	3.2681
16	3	1	-3.8348
17	3	1	5.0868
18	3	1	-4.6403
19	3	1	0.47832
2	4	1	-3.0471
3	4	1	-0.23452
4	4	1	0.83326
7	4	1	-0.70606
8	4	1	0.81966
9	4	1	-0.9412
10	4	1	-0.59761
11	4	1	-0.99557
14	4	1	1.8106
16	4	1	-2.1245
17	4	1	2.8181
18	4	1	-2.5707
19	4	1	0.26499
2	5	1	7.8806
3	5	1	0.60653
4	5	1	-2.155
7	5	1	1.826
8	5	1	-2.1198
9	5	1	2.4341
10	5	1	1.5455
11	5	1	2.5747
14	5	1	-4.6825
16	5	1	5.4945
17	5	1	-7.2883
18	5	1	6.6485
19	5	1	-0.68533
2	6	1	2.9314
3	6	1	0.22562
4	6	1	-0.80162
7	6	1	0.67925
8	6	1	-0.78854
9	6	1	0.90546
10	6	1	0.57491
11	6	1	0.95776
14	6	1	-1.7418
16	6	1	2.0439
17	6	1	-2.7111
18	6	1	2.4731
19	6	1	-0.25493
2	8	1	7.1705
3	8	1	0.55188
4	8	1	-1.9608
7	8	1	1.6615
8	8	1	-1.9288
9	8	1	2.2148
10	8	1	1.4063
11	8	1	2.3427
14	8	1	-4.2606
16	8	1	4.9994
17	8	1	-6.6316
18	8	1	6.0494
19	8	1	-0.62358
2	9	1	-6.954
3	9	1	-0.53521
4	9	1	1.9016
7	9	1	-1.6113
8	9	1	1.8706
9	9	1	-2.1479
10	9	1	-1.3638
11	9	1	-2.272
14	9	1	4.1319
16	9	1	-4.8484
17	9	1	6.4314
18	9	1	-5.8667
19	9	1	0.60475
2	12	1	-11.182
3	12	1	-0.86063
4	12	1	3.0578
7	12	1	-2.591
8	12	1	3.0079
9	12	1	-3.4539
10	12	1	-2.193
11	12	1	-3.6534
14	12	1	6.6442
16	12	1	-7.7964
17	12	1	10.342
18	12	1	-9.4339
19	12	1	0.97245
1	1	2	-0.39797
2	1	2	-0.33135
3	1	2	0.16985
4	1	2	-0.022579
7	1	2	0.20004
8	1	2	0.34738
9	1	2	-0.10235
10	1	2	-0.064985
11	1	2	-0.10826
12	1	2	-0.10526
14	1	2	0.19688
16	1	2	-0.64098
17	1	2	0.30645
18	1	2	0.24025
19	1	2	0.11228
20	1	2	-0.14519
1	2	2	-0.39909
3	2	2	0.19591
4	2	2	-0.11351
7	2	2	0.2776
8	2	2	0.25897
12	2	2	-0.10556
16	2	2	-0.41111
18	2	2	0.52126
19	2	2	0.083695
20	2	2	-0.1456
2	3	2	0.36929
3	3	2	0.028422
4	3	2	-0.10098
7	3	2	0.085568
8	3	2	-0.099336
9	3	2	0.11407
10	3	2	0.072425
11	3	2	0.12065
14	3	2	-0.21942
16	3	2	0.25747
17	3	2	-0.34153
18	3	2	0.31155
19	3	2	-0.032115
1	4	2	-0.14304
2	4	2	0.20459
3	4	2	0.085962
4	4	2	-0.096629
7	4	2	0.1469
8	4	2	0.037787
9	4	2	0.063193
10	4	2	0.040124
11	4	2	0.066843
12	4	2	-0.037835
14	4	2	-0.12156
16	4	2	-0.0047032
17	4	2	-0.18921
18	4	2	0.35943
19	4	2	0.012206
20	4	2	-0.052186
2	5	2	-0.52911
3	5	2	-0.040723
4	5	2	0.14469
7	5	2	-0.1226
8	5	2	0.14233
9	5	2	-0.16343
10	5	2	-0.10377
11	5	2	-0.17287
14	5	2	0.31439
16	5	2	-0.3689
17	5	2	0.48935
18	5	2	-0.44639
19	5	2	0.046014
2	6	2	-0.19682
3	6	2	-0.015148
4	6	2	0.053821
7	6	2	-0.045605
8	6	2	0.052943
9	6	2	-0.060793
10	6	2	-0.0386
11	6	2	-0.064305
14	6	2	0.11695
16	6	2	-0.13723
17	6	2	0.18203
18	6	2	-0.16605
19	6	2	0.017116
1	7	2	0.18699
3	7	2	-0.091788
4	7	2	0.053182
7	7	2	-0.13006
8	7	2	-0.12134
12	7	2	0.049458
16	7	2	0.19261
18	7	2	-0.24423
19	7	2	-0.039214
20	7	2	0.068219
2	8	2	-0.48143
3	8	2	-0.037054
4	8	2	0.13165
7	8	2	-0.11155
8	8	2	0.1295
9	8	2	-0.1487
10	8	2	-0.094419
11	8	2	-0.15729
14	8	2	0.28606
16	8	2	-0.33566
17	8	2	0.44525
18	8	2	-0.40616
19	8	2	0.041868
1	9	2	0.40257
2	9	2	0.4669
3	9	2	-0.16168
4	9	2	-0.013177
7	9	2	-0.17184
8	9	2	-0.38682
9	9	2	0.14421
10	9	2	0.091568
11	9	2	0.15254
12	9	2	0.10648
14	9	2	-0.27742
16	9	2	0.74022
17	9	2	-0.43181
18	9	2	-0.13191
19	9	2	-0.12503
20	9	2	0.14687
1	10	2	-0.1044
3	10	2	0.051247
4	10	2	-0.029693
7	10	2	0.072617
8	10	2	0.067744
12	10	2	-0.027614
16	10	2	-0.10754
18	10	2	0.13636
19	10	2	0.021894
20	10	2	-0.038088
1	12	2	-0.20159
2	12	2	0.75078
3	12	2	0.15674
4	12	2	-0.26264
7	12	2	0.31419
8	12	2	-0.071139
9	12	2	0.2319
10	12	2	0.14724
11	12	2	0.2453
12	12	2	-0.053322
14	12	2	-0.4461
16	12	2	0.31579
17	12	2	-0.69436
18	12	2	0.8967
19	12	2	-0.023014
20	12	2	-0.073548
1	13	2	0.69041
3	13	2	-0.3389
4	13	2	0.19636
7	13	2	-0.48023
8	13	2	-0.44801
12	13	2	0.18261
16	13	2	0.71119
18	13	2	-0.90175
19	13	2	-0.14479
20	13	2	0.25188
1	14	2	-0.41676
3	14	2	0.20458
4	14	2	-0.11853
7	14	2	0.28989
8	14	2	0.27044
12	14	2	-0.11023
16	14	2	-0.4293
18	14	2	0.54433
19	14	2	0.0874
20	14	2	-0.15205
2	1	3	0.69693
3	1	3	0.053639
4	1	3	-0.19058
7	1	3	0.16149
8	1	3	-0.18747
9	1	3	0.21527
10	1	3	0.13668
11	1	3	0.2277
14	1	3	-0.41411
16	1	3	0.48591
17	1	3	-0.64456
18	1	3	0.58797
19	1	3	-0.060609
2	3	3	-0.77672
3	3	3	-0.05978
4	3	3	0.2124
7	3	3	-0.17997
8	3	3	0.20893
9	3	3	-0.23991
10	3	3	-0.15233
11	3	3	-0.25377
14	3	3	0.46151
16	3	3	-0.54154
17	3	3	0.71835
18	3	3	-0.65528
19	3	3	0.067548
2	4	3	-0.43031
3	4	3	-0.033119
4	4	3	0.11767
7	4	3	-0.099707
8	4	3	0.11575
9	4	3	-0.13291
10	4	3	-0.084392
11	4	3	-0.14059
14	4	3	0.25568
16	4	3	-0.30002
17	4	3	0.39797
18	4	3	-0.36303
19	4	3	0.037422
2	5	3	1.1129
3	5	3	0.085652
4	5	3	-0.30432
7	5	3	0.25786
8	5	3	-0.29936
9	5	3	0.34374
10	5	3	0.21826
11	5	3	0.3636
14	5	3	-0.66125
16	5	3	0.77592
17	5	3	-1.0292
18	5	3	0.93888
19	5	3	-0.096781
2	6	3	0.41397
3	6	3	0.031861
4	6	3	-0.1132
7	6	3	0.095921
8	6	3	-0.11135
9	6	3	0.12787
10	6	3	0.081188
11	6	3	0.13525
14	6	3	-0.24597
16	6	3	0.28863
17	6	3	-0.38286
18	6	3	0.34925
19	6	3	-0.036001
2	8	3	1.0126
3	8	3	0.077934
4	8	3	-0.2769
7	8	3	0.23463
8	8	3	-0.27238
9	8	3	0.31277
10	8	3	0.19859
11	8	3	0.33084
14	8	3	-0.60167
16	8	3	0.706
17	8	3	-0.9365
18	8	3	0.85428
19	8	3	-0.08806
2	9	3	-0.98202
3	9	3	-0.075581
4	9	3	0.26854
7	9	3	-0.22754
8	9	3	0.26416
9	9	3	-0.30333
10	9	3	-0.19259
11	9	3	-0.32085
14	9	3	0.5835
16	9	3	-0.68468
17	9	3	0.90822
18	9	3	-0.82849
19	9	3	0.085401
2	12	3	-1.5791
3	12	3	-0.12154
4	12	3	0.43182
7	12	3	-0.3659
8	12	3	0.42477
9	12	3	-0.48775
10	12	3	-0.30969
11	12	3	-0.51593
14	12	3	0.93828
16	12	3	-1.101
17	12	3	1.4604
18	12	3	-1.3322
19	12	3	0.13733
2	1	4	-1.6044
3	1	4	-0.12348
4	1	4	0.43873
7	1	4	-0.37175
8	1	4	0.43157
9	1	4	-0.49556
10	1	4	-0.31465
11	1	4	-0.52419
14	1	4	0.9533
16	1	4	-1.1186
17	1	4	1.4838
18	1	4	-1.3536
19	1	4	0.13953
2	3	4	1.7881
3	3	4	0.13762
4	3	4	-0.48896
7	3	4	0.41432
8	3	4	-0.48098
9	3	4	0.5523
10	3	4	0.35068
11	3	4	0.5842
14	3	4	-1.0624
16	3	4	1.2467
17	3	4	-1.6537
18	3	4	1.5085
19	3	4	-0.1555
2	4	4	0.99061
3	4	4	0.076242
4	4	4	-0.27089
7	4	4	0.22953
8	4	4	-0.26647
9	4	4	0.30598
10	4	4	0.19428
11	4	4	0.32365
14	4	4	-0.5886
16	4	4	0.69067
17	4	4	-0.91616
18	4	4	0.83573
19	4	4	-0.086148
2	5	4	-2.5619
3	5	4	-0.19718
4	5	4	0.70057
7	5	4	-0.59362
8	5	4	0.68914
9	5	4	-0.79132
10	5	4	-0.50244
11	5	4	-0.83703
14	5	4	1.5222
16	5	4	-1.7862
17	5	4	2.3694
18	5	4	-2.1614
19	5	4	0.2228
2	6	4	-0.95299
3	6	4	-0.073347
4	6	4	0.2606
7	6	4	-0.22082
8	6	4	0.25635
9	6	4	-0.29436
10	6	4	-0.1869
11	6	4	-0.31136
14	6	4	0.56625
16	6	4	-0.66444
17	6	4	0.88137
18	6	4	-0.80399
19	6	4	0.082877
2	8	4	-2.3311
3	8	4	-0.17941
4	8	4	0.63744
7	8	4	-0.54013
8	8	4	0.62704
9	8	4	-0.72002
10	8	4	-0.45717
11	8	4	-0.76161
14	8	4	1.3851
16	8	4	-1.6253
17	8	4	2.1559
18	8	4	-1.9666
19	8	4	0.20272
2	9	4	2.2607
3	9	4	0.17399
4	9	4	-0.6182
7	9	4	0.52382
8	9	4	-0.60811
9	9	4	0.69828
10	9	4	0.44336
11	9	4	0.73861
14	9	4	-1.3433
16	9	4	1.5762
17	9	4	-2.0908
18	9	4	1.9072
19	9	4	-0.1966
2	12	4	3.6352
3	12	4	0.27979
4	12	4	-0.99407
7	12	4	0.84232
8	12	4	-0.97785
9	12	4	1.1228
10	12	4	0.71294
11	12	4	1.1877
14	12	4	-2.16
16	12	4	2.5346
17	12	4	-3.362
18	12	4	3.0669
19	12	4	-0.31614
1	1	5	1.1558
2	1	5	-0.48684
3	1	5	-0.60482
4	1	5	0.46185
7	1	5	-0.91675
8	1	5	-0.61904
9	1	5	-0.15037
10	1	5	-0.095479
11	1	5	-0.15906
12	1	5	0.30571
14	1	5	0.28927
16	1	5	0.85114
17	1	5	0.45025
18	1	5	-1.9203
19	1	5	-0.20005
20	1	5	0.42167
1	2	5	1.159
3	2	5	-0.56895
4	2	5	0.32965
7	2	5	-0.80621
8	2	5	-0.75211
12	2	5	0.30657
16	2	5	1.1939
18	2	5	-1.5138
19	2	5	-0.24307
20	2	5	0.42286
2	3	5	0.54258
3	3	5	0.041759
4	3	5	-0.14837
7	3	5	0.12572
8	3	5	-0.14595
9	3	5	0.16759
10	3	5	0.10641
11	3	5	0.17727
14	3	5	-0.32239
16	3	5	0.37829
17	3	5	-0.5018
18	3	5	0.45775
19	3	5	-0.047185
1	4	5	0.41542
2	4	5	0.30059
3	4	5	-0.18078
4	4	5	0.035953
7	4	5	-0.21931
8	4	5	-0.35042
9	4	5	0.092846
10	4	5	0.058952
11	4	5	0.098209
12	4	5	0.10988
14	4	5	-0.17861
16	4	5	0.6375
17	4	5	-0.278
18	4	5	-0.28899
19	4	5	-0.11326
20	4	5	0.15156
2	5	5	-0.77739
3	5	5	-0.059832
4	5	5	0.21258
7	5	5	-0.18013
8	5	5	0.20911
9	5	5	-0.24012
10	5	5	-0.15246
11	5	5	-0.25399
14	5	5	0.46191
16	5	5	-0.54201
17	5	5	0.71897
18	5	5	-0.65585
19	5	5	0.067606
2	6	5	-0.28918
3	6	5	-0.022256
4	6	5	0.079077
7	6	5	-0.067005
8	6	5	0.077787
9	6	5	-0.089321
10	6	5	-0.056713
11	6	5	-0.09448
14	6	5	0.17182
16	6	5	-0.20162
17	6	5	0.26744
18	6	5	-0.24397
19	6	5	0.025148
1	7	5	-0.54305
3	7	5	0.26657
4	7	5	-0.15445
7	7	5	0.37773
8	7	5	0.35238
12	7	5	-0.14364
16	7	5	-0.55939
18	7	5	0.70928
19	7	5	0.11388
20	7	5	-0.19812
2	8	5	-0.70734
3	8	5	-0.054441
4	8	5	0.19343
7	8	5	-0.1639
8	8	5	0.19027
9	8	5	-0.21848
10	8	5	-0.13872
11	8	5	-0.2311
14	8	5	0.42029
16	8	5	-0.49317
17	8	5	0.65419
18	8	5	-0.59675
19	8	5	0.061514
1	9	5	-1.1692
2	9	5	0.68599
3	9	5	0.62671
4	9	5	-0.52011
7	9	5	0.97219
8	9	5	0.57414
9	9	5	0.21189
10	9	5	0.13454
11	9	5	0.22413
12	9	5	-0.30924
14	9	5	-0.4076
16	9	5	-0.72606
17	9	5	-0.63443
18	9	5	2.1058
19	9	5	0.18553
20	9	5	-0.42654
1	10	5	0.30319
3	10	5	-0.14883
4	10	5	0.086233
7	10	5	-0.21089
8	10	5	-0.19674
12	10	5	0.080195
16	10	5	0.31232
18	10	5	-0.396
19	10	5	-0.063584
20	10	5	0.11061
1	12	5	0.58547
2	12	5	1.1031
3	12	5	-0.20249
4	12	5	-0.13513
7	12	5	-0.15165
8	12	5	-0.67663
9	12	5	0.34072
10	12	5	0.21634
11	12	5	0.3604
12	12	5	0.15486
14	12	5	-0.65543
16	12	5	1.3722
17	12	5	-1.0202
18	12	5	0.16593
19	12	5	-0.21871
20	12	5	0.2136
1	13	5	-2.0051
3	13	5	0.98424
4	13	5	-0.57028
7	13	5	1.3947
8	13	5	1.3011
12	13	5	-0.53035
16	13	5	-2.0654
18	13	5	2.6189
19	13	5	0.42049
20	13	5	-0.73151
1	14	5	1.2103
3	14	5	-0.59413
4	14	5	0.34424
7	14	5	-0.84189
8	14	5	-0.7854
12	14	5	0.32014
16	14	5	1.2468
18	14	5	-1.5808
19	14	5	-0.25383
20	14	5	0.44157
1	1	7	-2.3565
3	1	7	1.1568
4	1	7	-0.67024
7	1	7	1.6392
8	1	7	1.5292
12	1	7	-0.62331
16	1	7	-2.4275
18	1	7	3.0779
19	1	7	0.4942
20	1	7	-0.85973
1	2	7	-2.3632
3	2	7	1.16
4	2	7	-0.67213
7	2	7	1.6438
8	2	7	1.5335
12	2	7	-0.62506
16	2	7	-2.4343
18	2	7	3.0866
19	2	7	0.49559
20	2	7	-0.86216
1	4	7	-0.847
3	4	7	0.41577
4	4	7	-0.2409
7	4	7	0.58915
8	4	7	0.54962
12	4	7	-0.22403
16	4	7	-0.87249
18	4	7	1.1063
19	4	7	0.17763
20	4	7	-0.30901
1	7	7	1.1072
3	7	7	-0.54351
4	7	7	0.31491
7	7	7	-0.77016
8	7	7	-0.71847
12	7	7	0.29286
16	7	7	1.1405
18	7	7	-1.4461
19	7	7	-0.2322
20	7	7	0.40395
1	9	7	2.3838
3	9	7	-1.1701
4	9	7	0.67799
7	9	7	-1.6581
8	9	7	-1.5468
12	9	7	0.63051
16	9	7	2.4555
18	9	7	-3.1135
19	9	7	-0.49991
20	9	7	0.86968
1	10	7	-0.61818
3	10	7	0.30345
4	10	7	-0.17582
7	10	7	0.42999
8	10	7	0.40114
12	10	7	-0.16351
16	10	7	-0.63678
18	10	7	0.80741
19	10	7	0.12964
20	10	7	-0.22553
1	12	7	-1.1937
3	12	7	0.58597
4	12	7	-0.33951
7	12	7	0.83032
8	12	7	0.7746
12	12	7	-0.31574
16	12	7	-1.2296
18	12	7	1.5591
19	12	7	0.25034
20	12	7	-0.4355
1	13	7	4.0881
3	13	7	-2.0068
4	13	7	1.1627
7	13	7	-2.8436
8	13	7	-2.6528
12	13	7	1.0813
16	13	7	4.2112
18	13	7	-5.3396
19	13	7	-0.85734
20	13	7	1.4915
1	14	7	-2.4678
3	14	7	1.2114
4	14	7	-0.70188
7	14	7	1.7165
8	14	7	1.6013
12	14	7	-0.65273
16	14	7	-2.542
18	14	7	3.2232
19	14	7	0.51753
20	14	7	-0.90032
2	1	8	1.5107
3	1	8	0.11627
4	1	8	-0.41311
7	1	8	0.35004
8	1	8	-0.40637
9	1	8	0.46662
10	1	8	0.29628
11	1	8	0.49358
14	1	8	-0.89763
16	1	8	1.0533
17	1	8	-1.3972
18	1	8	1.2745
19	1	8	-0.13138
2	3	8	-1.6836
3	3	8	-0.12958
4	3	8	0.4604
7	3	8	-0.39012
8	3	8	0.45289
9	3	8	-0.52004
10	3	8	-0.3302
11	3	8	-0.55008
14	3	8	1.0004
16	3	8	-1.1739
17	3	8	1.5571
18	3	8	-1.4204
19	3	8	0.14642
2	4	8	-0.93276
3	4	8	-0.07179
4	4	8	0.25507
7	4	8	-0.21613
8	4	8	0.2509
9	4	8	-0.28811
10	4	8	-0.18293
11	4	8	-0.30475
14	4	8	0.55423
16	4	8	-0.65033
17	4	8	0.86266
18	4	8	-0.78692
19	4	8	0.081117
2	5	8	2.4123
3	5	8	0.18566
4	5	8	-0.65966
7	5	8	0.55896
8	5	8	-0.64889
9	5	8	0.74511
10	5	8	0.4731
11	5	8	0.78815
14	5	8	-1.4333
16	5	8	1.6819
17	5	8	-2.231
18	5	8	2.0351
19	5	8	-0.20979
2	6	8	0.89733
3	6	8	0.069063
4	6	8	-0.24538
7	6	8	0.20792
8	6	8	-0.24138
9	6	8	0.27717
10	6	8	0.17598
11	6	8	0.29318
14	6	8	-0.53318
16	6	8	0.62564
17	6	8	-0.8299
18	6	8	0.75704
19	6	8	-0.078037
2	8	8	2.1949
3	8	8	0.16893
4	8	8	-0.60022
7	8	8	0.50859
8	8	8	-0.59042
9	8	8	0.67797
10	8	8	0.43047
11	8	8	0.71713
14	8	8	-1.3042
16	8	8	1.5304
17	8	8	-2.03
18	8	8	1.8518
19	8	8	-0.19088
2	9	8	-2.1287
3	9	8	-0.16383
4	9	8	0.58209
7	9	8	-0.49323
8	9	8	0.5726
9	9	8	-0.6575
10	9	8	-0.41747
11	9	8	-0.69548
14	9	8	1.2648
16	9	8	-1.4841
17	9	8	1.9687
18	9	8	-1.7959
19	9	8	0.18512
2	12	8	-3.4229
3	12	8	-0.26345
4	12	8	0.93602
7	12	8	-0.79313
8	12	8	0.92075
9	12	8	-1.0573
10	12	8	-0.67131
11	12	8	-1.1183
14	12	8	2.0338
16	12	8	-2.3865
17	12	8	3.1657
18	12	8	-2.8878
19	12	8	0.29768
1	1	9	-1.4118
2	1	9	-1.3803
3	1	9	0.58679
4	1	9	-0.024098
7	1	9	0.6622
8	1	9	1.2874
9	1	9	-0.42634
10	1	9	-0.2707
11	1	9	-0.45096
12	1	9	-0.37343
14	1	9	0.82013
16	1	9	-2.4167
17	1	9	1.2765
18	1	9	0.67951
19	1	9	0.41611
20	1	9	-0.51507
1	2	9	-1.4158
3	2	9	0.69498
4	2	9	-0.40267
7	2	9	0.9848
8	2	9	0.91871
12	2	9	-0.37448
16	2	9	-1.4584
18	2	9	1.8492
19	2	9	0.29691
20	2	9	-0.51652
2	3	9	1.5383
3	3	9	0.11839
4	3	9	-0.42066
7	3	9	0.35644
8	3	9	-0.41379
9	3	9	0.47515
10	3	9	0.30169
11	3	9	0.50259
14	3	9	-0.91403
16	3	9	1.0725
17	3	9	-1.4227
18	3	9	1.2978
19	3	9	-0.13378
1	4	9	-0.50744
2	4	9	0.85223
3	4	9	0.31468
4	4	9	-0.37737
7	4	9	0.55043
8	4	9	0.10003
9	4	9	0.26324
10	4	9	0.16714
11	4	9	0.27844
12	4	9	-0.13422
14	4	9	-0.50638
16	4	9	0.071477
17	4	9	-0.78818
18	4	9	1.3818
19	4	9	0.032303
20	4	9	-0.18513
2	5	9	-2.204
3	5	9	-0.16963
4	5	9	0.60271
7	5	9	-0.5107
8	5	9	0.59287
9	5	9	-0.68078
10	5	9	-0.43226
11	5	9	-0.72011
14	5	9	1.3096
16	5	9	-1.5367
17	5	9	2.0384
18	5	9	-1.8595
19	5	9	0.19167
2	6	9	-0.81987
3	6	9	-0.063101
4	6	9	0.2242
7	6	9	-0.18997
8	6	9	0.22054
9	6	9	-0.25324
10	6	9	-0.16079
11	6	9	-0.26787
14	6	9	0.48715
16	6	9	-0.57163
17	6	9	0.75825
18	6	9	-0.69168
19	6	9	0.0713
1	7	9	0.66334
3	7	9	-0.32562
4	7	9	0.18866
7	7	9	-0.46141
8	7	9	-0.43044
12	7	9	0.17545
16	7	9	0.6833
18	7	9	-0.86639
19	7	9	-0.13911
20	7	9	0.24201
2	8	9	-2.0054
3	8	9	-0.15435
4	8	9	0.5484
7	8	9	-0.46468
8	8	9	0.53945
9	8	9	-0.61944
10	8	9	-0.39331
11	8	9	-0.65522
14	8	9	1.1916
16	8	9	-1.3982
17	8	9	1.8547
18	8	9	-1.6919
19	8	9	0.1744
1	9	9	1.4281
2	9	9	1.9449
3	9	9	-0.55135
4	9	9	-0.12566
7	9	9	-0.54273
8	9	9	-1.4499
9	9	9	0.60074
10	9	9	0.38143
11	9	9	0.63544
12	9	9	0.37774
14	9	9	-1.1556
16	9	9	2.8271
17	9	9	-1.7987
18	9	9	-0.22449
19	9	9	-0.46864
20	9	9	0.52103
1	10	9	-0.37035
3	10	9	0.1818
4	10	9	-0.10533
7	10	9	0.25761
8	10	9	0.24032
12	10	9	-0.097959
16	10	9	-0.3815
18	10	9	0.48372
19	10	9	0.077668
20	10	9	-0.13512
1	12	9	-0.71516
2	12	9	3.1274
3	12	9	0.59176
4	12	9	-1.0586
7	12	9	1.2221
8	12	9	-0.37719
9	12	9	0.966
10	12	9	0.61335
11	12	9	1.0218
12	12	9	-0.18916
14	12	9	-1.8583
16	12	9	1.4438
17	12	9	-2.8924
18	12	9	3.5725
19	12	9	-0.122
20	12	9	-0.26091
1	13	9	2.4492
3	13	9	-1.2023
4	13	9	0.6966
7	13	9	-1.7036
8	13	9	-1.5893
12	13	9	0.64782
16	13	9	2.5229
18	13	9	-3.199
19	13	9	-0.51364
20	13	9	0.89355
1	14	9	-1.4785
3	14	9	0.72574
4	14	9	-0.4205
7	14	9	1.0284
8	14	9	0.95937
12	14	9	-0.39105
16	14	9	-1.523
18	14	9	1.931
19	14	9	0.31005
20	14	9	-0.53939
1	1	10	-0.77713
3	1	10	0.38147
4	1	10	-0.22103
7	1	10	0.54055
8	1	10	0.50428
12	1	10	-0.20555
16	1	10	-0.80052
18	1	10	1.015
19	1	10	0.16297
20	1	10	-0.28352
1	2	10	-0.77932
3	2	10	0.38255
4	2	10	-0.22165
7	2	10	0.54208
8	2	10	0.5057
12	2	10	-0.20613
16	2	10	-0.80278
18	2	10	1.0179
19	2	10	0.16343
20	2	10	-0.28432
1	4	10	-0.27932
3	4	10	0.13711
4	4	10	-0.079443
7	4	10	0.19429
8	4	10	0.18125
12	4	10	-0.07388
16	4	10	-0.28773
18	4	10	0.36482
19	4	10	0.058577
20	4	10	-0.1019
1	7	10	0.36513
3	7	10	-0.17924
4	7	10	0.10385
7	7	10	-0.25398
8	7	10	-0.23694
12	7	10	0.096578
16	7	10	0.37612
18	7	10	-0.47691
19	7	10	-0.076573
20	7	10	0.13321
1	9	10	0.78612
3	9	10	-0.38589
4	9	10	0.22358
7	9	10	-0.54681
8	9	10	-0.51011
12	9	10	0.20793
16	9	10	0.80978
18	9	10	-1.0268
19	9	10	-0.16486
20	9	10	0.2868
1	10	10	-0.20386
3	10	10	0.10007
4	10	10	-0.057981
7	10	10	0.1418
8	10	10	0.13229
12	10	10	-0.053921
16	10	10	-0.21
18	10	10	0.26626
19	10	10	0.042752
20	10	10	-0.074375
1	12	10	-0.39366
3	12	10	0.19324
4	12	10	-0.11196
7	12	10	0.27382
8	12	10	0.25545
12	12	10	-0.10412
16	12	10	-0.40551
18	12	10	0.51416
19	12	10	0.082555
20	12	10	-0.14362
1	13	10	1.3482
3	13	10	-0.66179
4	13	10	0.38344
7	13	10	-0.93776
8	13	10	-0.87483
12	13	10	0.35659
16	13	10	1.3888
18	13	10	-1.7609
19	13	10	-0.28273
20	13	10	0.49185
1	14	10	-0.81381
3	14	10	0.39948
4	14	10	-0.23146
7	14	10	0.56607
8	14	10	0.52808
12	14	10	-0.21525
16	14	10	-0.83831
18	14	10	1.0629
19	14	10	0.17067
20	14	10	-0.2969
2	1	11	-1.0703
3	1	11	-0.082378
4	1	11	0.29269
7	1	11	-0.24801
8	1	11	0.28791
9	1	11	-0.3306
10	1	11	-0.20991
11	1	11	-0.3497
14	1	11	0.63597
16	1	11	-0.74625
17	1	11	0.98989
18	1	11	-0.90299
19	1	11	0.093081
2	3	11	1.1929
3	3	11	0.091809
4	3	11	-0.3262
7	3	11	0.2764
8	3	11	-0.32087
9	3	11	0.36845
10	3	11	0.23394
11	3	11	0.38973
14	3	11	-0.70878
16	3	11	0.83169
17	3	11	-1.1032
18	3	11	1.0064
19	3	11	-0.10374
2	4	11	0.66086
3	4	11	0.050863
4	4	11	-0.18071
7	4	11	0.15313
8	4	11	-0.17777
9	4	11	0.20412
10	4	11	0.12961
11	4	11	0.21592
14	4	11	-0.39267
16	4	11	0.46076
17	4	11	-0.61119
18	4	11	0.55753
19	4	11	-0.057471
2	5	11	-1.7091
3	5	11	-0.13154
4	5	11	0.46737
7	5	11	-0.39602
8	5	11	0.45974
9	5	11	-0.52791
10	5	11	-0.33519
11	5	11	-0.5584
14	5	11	1.0155
16	5	11	-1.1916
17	5	11	1.5807
18	5	11	-1.4419
19	5	11	0.14863
2	6	11	-0.63576
3	6	11	-0.048931
4	6	11	0.17385
7	6	11	-0.14731
8	6	11	0.17102
9	6	11	-0.19637
10	6	11	-0.12469
11	6	11	-0.20772
14	6	11	0.37776
16	6	11	-0.44326
17	6	11	0.58798
18	6	11	-0.53636
19	6	11	0.055289
2	8	11	-1.5551
3	8	11	-0.11969
4	8	11	0.42525
7	8	11	-0.36034
8	8	11	0.41831
9	8	11	-0.48034
10	8	11	-0.30499
11	8	11	-0.50809
14	8	11	0.92402
16	8	11	-1.0843
17	8	11	1.4382
18	8	11	-1.312
19	8	11	0.13524
2	9	11	1.5082
3	9	11	0.11608
4	9	11	-0.41241
7	9	11	0.34946
8	9	11	-0.40568
9	9	11	0.46584
10	9	11	0.29578
11	9	11	0.49275
14	9	11	-0.89612
16	9	11	1.0515
17	9	11	-1.3948
18	9	11	1.2724
19	9	11	-0.13116
1	11	11	25
2	11	11	25
3	11	11	25
5	11	11	25
7	11	11	25
8	11	11	25
9	11	11	25
10	11	11	25
1	12	11	25
2	12	11	27.425
3	12	11	25.187
4	12	11	-0.66317
5	12	11	25
7	12	11	25.562
8	12	11	24.348
9	12	11	25.749
10	12	11	25.476
11	12	11	0.79235
14	12	11	-1.441
16	12	11	1.6909
17	12	11	-2.2429
18	12	11	2.046
19	12	11	-0.2109
1	13	11	25
2	13	11	25
3	13	11	25
5	13	11	25
7	13	11	25
8	13	11	25
9	13	11	25
10	13	11	25
1	14	11	25
2	14	11	25
3	14	11	25
5	14	11	25
7	14	11	25
8	14	11	25
9	14	11	25
10	14	11	25
1	1	12	1.96
2	1	12	-0.59141
3	1	12	-1.0077
4	1	12	0.71919
7	1	12	-1.5004
8	1	12	-1.1128
9	1	12	-0.18267
10	1	12	-0.11599
11	1	12	-0.19323
12	1	12	0.51843
14	1	12	0.3514
16	1	12	1.6067
17	1	12	0.54696
18	1	12	-3.059
19	1	12	-0.35962
20	1	12	0.71508
1	2	12	1.9656
3	2	12	-0.96485
4	2	12	0.55904
7	2	12	-1.3672
8	2	12	-1.2755
12	2	12	0.5199
16	2	12	2.0247
18	2	12	-2.5673
19	2	12	-0.41221
20	2	12	0.7171
2	3	12	0.65912
3	3	12	0.050729
4	3	12	-0.18024
7	3	12	0.15272
8	3	12	-0.1773
9	3	12	0.20359
10	3	12	0.12927
11	3	12	0.21535
14	3	12	-0.39164
16	3	12	0.45955
17	3	12	-0.60958
18	3	12	0.55607
19	3	12	-0.05732
1	4	12	0.70449
2	4	12	0.36516
3	4	12	-0.31771
4	4	12	0.10051
7	4	12	-0.40542
8	4	12	-0.55537
9	4	12	0.11279
10	4	12	0.071614
11	4	12	0.1193
12	4	12	0.18634
14	4	12	-0.21697
16	4	12	0.98028
17	4	12	-0.33771
18	4	12	-0.61207
19	4	12	-0.1795
20	4	12	0.25702
2	5	12	-0.94437
3	5	12	-0.072684
4	5	12	0.25824
7	5	12	-0.21882
8	5	12	0.25403
9	5	12	-0.2917
10	5	12	-0.18521
11	5	12	-0.30855
14	5	12	0.56113
16	5	12	-0.65843
17	5	12	0.8734
18	5	12	-0.79672
19	5	12	0.082127
2	6	12	-0.35129
3	6	12	-0.027037
4	6	12	0.096062
7	6	12	-0.081398
8	6	12	0.094494
9	6	12	-0.10851
10	6	12	-0.068895
11	6	12	-0.11477
14	6	12	0.20873
16	6	12	-0.24493
17	6	12	0.32489
18	6	12	-0.29637
19	6	12	0.03055
1	7	12	-0.92093
3	7	12	0.45206
4	7	12	-0.26193
7	7	12	0.64058
8	7	12	0.59759
12	7	12	-0.24359
16	7	12	-0.94864
18	7	12	1.2028
19	7	12	0.19313
20	7	12	-0.33598
2	8	12	-0.85928
3	8	12	-0.066134
4	8	12	0.23497
7	8	12	-0.1991
8	8	12	0.23114
9	8	12	-0.26541
10	8	12	-0.16852
11	8	12	-0.28074
14	8	12	0.51057
16	8	12	-0.5991
17	8	12	0.7947
18	8	12	-0.72493
19	8	12	0.074727
1	9	12	-1.9827
2	9	12	0.83333
3	9	12	1.0374
4	9	12	-0.79179
7	9	12	1.5722
8	9	12	1.0624
9	9	12	0.2574
10	9	12	0.16343
11	9	12	0.27227
12	9	12	-0.52443
14	9	12	-0.49515
16	9	12	-1.4614
17	9	12	-0.7707
18	9	12	3.2927
19	9	12	0.34333
20	9	12	-0.72335
1	10	12	0.51417
3	10	12	-0.25239
4	10	12	0.14624
7	10	12	-0.35765
8	10	12	-0.33365
12	10	12	0.136
16	10	12	0.52965
18	10	12	-0.67156
19	10	12	-0.10783
20	10	12	0.18758
1	11	12	25
2	11	12	25
3	11	12	25
5	11	12	25
7	11	12	25
8	11	12	25
9	11	12	25
10	11	12	25
1	12	12	25.993
2	12	12	26.34
3	12	12	24.616
4	12	12	-0.084046
5	12	12	25
7	12	12	24.62
8	12	12	23.995
9	12	12	25.414
10	12	12	25.263
11	12	12	0.43781
12	12	12	0.26262
14	12	12	-0.79621
16	12	12	1.957
17	12	12	-1.2393
18	12	12	-0.16629
19	12	12	-0.32475
20	12	12	0.36223
1	13	12	21.6
2	13	12	25
3	13	12	26.669
4	13	12	-0.96711
5	13	12	25
7	13	12	27.365
8	13	12	27.206
9	13	12	25
10	13	12	25
12	13	12	-0.89939
16	13	12	-3.5027
18	13	12	4.4412
19	13	12	0.71309
20	13	12	-1.2405
1	14	12	27.053
2	14	12	25
3	14	12	23.992
4	14	12	0.58378
5	14	12	25
7	14	12	23.572
8	14	12	23.668
9	14	12	25
10	14	12	25
12	14	12	0.54291
16	14	12	2.1143
18	14	12	-2.6809
19	14	12	-0.43045
20	14	12	0.74884
2	1	13	2.9681
3	1	13	0.22844
4	1	13	-0.81165
7	1	13	0.68774
8	1	13	-0.7984
9	1	13	0.91679
10	1	13	0.58211
11	1	13	0.96974
14	1	13	-1.7636
16	1	13	2.0694
17	1	13	-2.745
18	1	13	2.5041
19	1	13	-0.25812
2	3	13	-3.3079
3	3	13	-0.25459
4	3	13	0.90457
7	3	13	-0.76648
8	3	13	0.88981
9	3	13	-1.0217
10	3	13	-0.64875
11	3	13	-1.0808
14	3	13	1.9655
16	3	13	-2.3063
17	3	13	3.0593
18	3	13	-2.7907
19	3	13	0.28767
2	4	13	-1.8326
3	4	13	-0.14105
4	4	13	0.50114
7	4	13	-0.42464
8	4	13	0.49296
9	4	13	-0.56606
10	4	13	-0.35941
11	4	13	-0.59875
14	4	13	1.0889
16	4	13	-1.2777
17	4	13	1.6949
18	4	13	-1.5461
19	4	13	0.15937
2	5	13	4.7395
3	5	13	0.36478
4	5	13	-1.2961
7	5	13	1.0982
8	5	13	-1.2749
9	5	13	1.4639
10	5	13	0.92952
11	5	13	1.5485
14	5	13	-2.8161
16	5	13	3.3045
17	5	13	-4.3833
18	5	13	3.9985
19	5	13	-0.41217
2	6	13	1.763
3	6	13	0.13569
4	6	13	-0.48211
7	6	13	0.40851
8	6	13	-0.47424
9	6	13	0.54456
10	6	13	0.34576
11	6	13	0.57602
14	6	13	-1.0476
16	6	13	1.2292
17	6	13	-1.6305
18	6	13	1.4874
19	6	13	-0.15332
2	8	13	4.3125
3	8	13	0.33191
4	8	13	-1.1793
7	8	13	0.99924
8	8	13	-1.16
9	8	13	1.332
10	8	13	0.84576
11	8	13	1.409
14	8	13	-2.5624
16	8	13	3.0067
17	8	13	-3.9884
18	8	13	3.6382
19	8	13	-0.37503
2	9	13	-4.1823
3	9	13	-0.32189
4	9	13	1.1437
7	9	13	-0.96907
8	9	13	1.125
9	9	13	-1.2918
10	9	13	-0.82022
11	9	13	-1.3664
14	9	13	2.485
16	9	13	-2.9159
17	9	13	3.8679
18	9	13	-3.5284
19	9	13	0.36371
2	12	13	-6.7252
3	12	13	-0.5176
4	12	13	1.839
7	12	13	-1.5583
8	12	13	1.809
9	12	13	-2.0773
10	12	13	-1.3189
11	12	13	-2.1972
14	12	13	3.996
16	12	13	-4.6889
17	12	13	6.2197
18	12	13	-5.6737
19	12	13	0.58485
1	1	14	-2.2395
2	1	14	-1.3265
3	1	14	0.99722
4	1	14	-0.27421
7	1	14	1.2504
8	1	14	1.81
9	1	14	-0.40973
10	1	14	-0.26016
11	1	14	-0.4334
12	1	14	-0.59235
14	1	14	0.78819
16	1	14	-3.2318
17	1	14	1.2268
18	1	14	1.8059
19	1	14	0.58501
20	1	14	-0.81704
1	2	14	-2.2458
3	2	14	1.1024
4	2	14	-0.63875
7	2	14	1.5621
8	2	14	1.4573
12	2	14	-0.59402
16	2	14	-2.3134
18	2	14	2.9333
19	2	14	0.47098
20	2	14	-0.81934
2	3	14	1.4784
3	3	14	0.11378
4	3	14	-0.40427
7	3	14	0.34256
8	3	14	-0.39767
9	3	14	0.45664
10	3	14	0.28994
11	3	14	0.48302
14	3	14	-0.87843
16	3	14	1.0308
17	3	14	-1.3673
18	3	14	1.2472
19	3	14	-0.12857
1	4	14	-0.80493
2	4	14	0.81904
3	4	14	0.45816
4	4	14	-0.45291
7	4	14	0.74967
8	4	14	0.30201
9	4	14	0.25298
10	4	14	0.16063
11	4	14	0.2676
12	4	14	-0.21291
14	4	14	-0.48666
16	4	14	-0.25811
17	4	14	-0.75748
18	4	14	1.7423
19	4	14	0.097578
20	4	14	-0.29366
2	5	14	-2.1182
3	5	14	-0.16303
4	5	14	0.57923
7	5	14	-0.49081
8	5	14	0.56978
9	5	14	-0.65427
10	5	14	-0.41542
11	5	14	-0.69206
14	5	14	1.2586
16	5	14	-1.4768
17	5	14	1.959
18	5	14	-1.787
19	5	14	0.18421
2	6	14	-0.78793
3	6	14	-0.060643
4	6	14	0.21547
7	6	14	-0.18257
8	6	14	0.21195
9	6	14	-0.24338
10	6	14	-0.15453
11	6	14	-0.25743
14	6	14	0.46818
16	6	14	-0.54936
17	6	14	0.72872
18	6	14	-0.66474
19	6	14	0.068523
1	7	14	1.0522
3	7	14	-0.51652
4	7	14	0.29927
7	7	14	-0.73191
8	7	14	-0.6828
12	7	14	0.27832
16	7	14	1.0839
18	7	14	-1.3743
19	7	14	-0.22067
20	7	14	0.38389
2	8	14	-1.9273
3	8	14	-0.14834
4	8	14	0.52704
7	8	14	-0.44658
8	8	14	0.51844
9	8	14	-0.59531
10	8	14	-0.37799
11	8	14	-0.6297
14	8	14	1.1452
16	8	14	-1.3438
17	8	14	1.7825
18	8	14	-1.626
19	8	14	0.16761
1	9	14	2.2654
2	9	14	1.8691
3	9	14	-0.96817
4	9	14	0.13319
7	9	14	-1.1427
8	9	14	-1.9728
9	9	14	0.57734
10	9	14	0.36658
11	9	14	0.61069
12	9	14	0.5992
14	9	14	-1.1106
16	9	14	3.6368
17	9	14	-1.7287
18	9	14	-1.382
19	9	14	-0.63764
20	9	14	0.82649
1	10	14	-0.58748
3	10	14	0.28838
4	10	14	-0.16709
7	10	14	0.40864
8	10	14	0.38122
12	10	14	-0.15539
16	10	14	-0.60516
18	10	14	0.76731
19	10	14	0.1232
20	10	14	-0.21433
1	12	14	-1.1344
2	12	14	3.0056
3	12	14	0.78819
4	12	14	-1.1446
7	12	14	1.4855
8	12	14	-0.072355
9	12	14	0.92837
10	12	14	0.58946
11	12	14	0.982
12	12	14	-0.30006
14	12	14	-1.7859
16	12	14	0.927
17	12	14	-2.7797
18	12	14	4.0174
19	12	14	-0.023478
20	12	14	-0.41388
1	13	14	3.8851
3	13	14	-1.9071
4	13	14	1.105
7	13	14	-2.7024
8	13	14	-2.5211
12	13	14	1.0276
16	13	14	4.0021
18	13	14	-5.0744
19	13	14	-0.81476
20	13	14	1.4174
1	14	14	-2.3452
3	14	14	1.1512
4	14	14	-0.66702
7	14	14	1.6313
8	14	14	1.5218
12	14	14	-0.62032
16	14	14	-2.4158
18	14	14	3.0631
19	14	14	0.49182
20	14	14	-0.85561
1	11	15	25
2	11	15	25
3	11	15	25
5	11	15	25
7	11	15	25
8	11	15	25
9	11	15	25
10	11	15	25
1	12	15	25
2	12	15	25
3	12	15	25
5	12	15	25
7	12	15	25
8	12	15	25
9	12	15	25
10	12	15	25
1	13	15	25
2	13	15	25
3	13	15	25
5	13	15	25
7	13	15	25
8	13	15	25
9	13	15	25
10	13	15	25
1	14	15	25
2	14	15	25
3	14	15	25
5	14	15	25
7	14	15	25
8	14	15	25
9	14	15	25
10	14	15	25
1	1	16	1.7919
2	1	16	-2.6956
3	1	16	-1.0871
4	1	16	1.2468
7	1	16	-1.871
8	1	16	-0.43768
9	1	16	-0.83261
10	1	16	-0.52865
11	1	16	-0.8807
12	1	16	0.47396
14	1	16	1.6017
16	1	16	-0.033567
17	1	16	2.493
18	1	16	-4.6146
19	1	16	-0.14137
20	1	16	0.65374
1	2	16	1.797
3	2	16	-0.88208
4	2	16	0.51108
7	2	16	-1.2499
8	2	16	-1.166
12	2	16	0.4753
16	2	16	1.851
18	2	16	-2.347
19	2	16	-0.37685
20	2	16	0.65558
2	3	16	3.0042
3	3	16	0.23122
4	3	16	-0.82151
7	3	16	0.6961
8	3	16	-0.8081
9	3	16	0.92793
10	3	16	0.58918
11	3	16	0.98153
14	3	16	-1.785
16	3	16	2.0946
17	3	16	-2.7784
18	3	16	2.5345
19	3	16	-0.26126
1	4	16	0.64405
2	4	16	1.6643
3	4	16	-0.18805
4	4	16	-0.27194
7	4	16	-0.062346
8	4	16	-0.86562
9	4	16	0.51408
10	4	16	0.32641
11	4	16	0.54377
12	4	16	0.17035
14	4	16	-0.98892
16	4	16	1.8238
17	4	16	-1.5393
18	4	16	0.56292
19	4	16	-0.27981
20	4	16	0.23497
2	5	16	-4.3043
3	5	16	-0.33128
4	5	16	1.177
7	5	16	-0.99736
8	5	16	1.1578
9	5	16	-1.3295
10	5	16	-0.84416
11	5	16	-1.4063
14	5	16	2.5576
16	5	16	-3.0011
17	5	16	3.9808
18	5	16	-3.6314
19	5	16	0.37433
2	6	16	-1.6011
3	6	16	-0.12323
4	6	16	0.43784
7	6	16	-0.371
8	6	16	0.43069
9	6	16	-0.49456
10	6	16	-0.31401
11	6	16	-0.52312
14	6	16	0.95137
16	6	16	-1.1163
17	6	16	1.4808
18	6	16	-1.3508
19	6	16	0.13924
1	7	16	-0.84193
3	7	16	0.41328
4	7	16	-0.23946
7	7	16	0.58563
8	7	16	0.54633
12	7	16	-0.22269
16	7	16	-0.86727
18	7	16	1.0996
19	7	16	0.17656
20	7	16	-0.30716
2	8	16	-3.9165
3	8	16	-0.30143
4	8	16	1.071
7	8	16	-0.90749
8	8	16	1.0535
9	8	16	-1.2097
10	8	16	-0.7681
11	8	16	-1.2796
14	8	16	2.3271
16	8	16	-2.7306
17	8	16	3.6221
18	8	16	-3.3042
19	8	16	0.3406
1	9	16	-1.8126
2	9	16	3.7982
3	9	16	1.1821
4	9	16	-1.5542
7	9	16	2.1409
8	9	16	0.15452
9	9	16	1.1732
10	9	16	0.74491
11	9	16	1.241
12	9	16	-0.47944
14	9	16	-2.2568
16	9	16	0.78101
17	9	16	-3.5128
18	9	16	5.5719
19	9	16	0.049819
20	9	16	-0.6613
1	10	16	0.47006
3	10	16	-0.23074
4	10	16	0.13369
7	10	16	-0.32697
8	10	16	-0.30502
12	10	16	0.12433
16	10	16	0.48421
18	10	16	-0.61395
19	10	16	-0.098578
20	10	16	0.17149
1	11	16	25
2	11	16	25
3	11	16	25
5	11	16	25
7	11	16	25
8	11	16	25
9	11	16	25
10	11	16	25
1	12	16	25.908
2	12	16	31.108
3	12	16	25.025
4	12	16	-1.412
5	12	16	25
7	12	16	25.784
8	12	16	22.768
9	12	16	26.887
10	12	16	26.198
11	12	16	1.9955
12	12	16	0.24009
14	12	16	-3.629
16	12	16	5.1934
17	12	16	-5.6486
18	12	16	3.9672
19	12	16	-0.72151
20	12	16	0.33116
1	13	16	21.891
2	13	16	25
3	13	16	26.526
4	13	16	-0.88414
5	13	16	25
7	13	16	27.162
8	13	16	27.017
9	13	16	25
10	13	16	25
12	13	16	-0.82223
16	13	16	-3.2022
18	13	16	4.0602
19	13	16	0.65192
20	13	16	-1.1341
1	14	16	26.876
2	14	16	25
3	14	16	24.079
4	14	16	0.53371
5	14	16	25
7	14	16	23.695
8	14	16	23.782
9	14	16	25
10	14	16	25
12	14	16	0.49633
16	14	16	1.933
18	14	16	-2.4509
19	14	16	-0.39353
20	14	16	0.6846
1	1	17	0.13471
2	1	17	2.3106
3	1	17	0.11171
4	1	17	-0.59354
7	1	17	0.44169
8	1	17	-0.70895
9	1	17	0.7137
10	1	17	0.45316
11	1	17	0.75493
12	1	17	0.035631
14	1	17	-1.3729
16	1	17	1.7498
17	1	17	-2.137
18	1	17	1.7734
19	1	17	-0.22919
20	1	17	0.049146
1	2	17	0.13509
3	2	17	-0.066312
4	2	17	0.038422
7	2	17	-0.093965
8	2	17	-0.08766
12	2	17	0.035731
16	2	17	0.13916
18	2	17	-0.17644
19	2	17	-0.02833
20	2	17	0.049285
2	3	17	-2.5752
3	3	17	-0.1982
4	3	17	0.70419
7	3	17	-0.59669
8	3	17	0.6927
9	3	17	-0.79541
10	3	17	-0.50504
11	3	17	-0.84135
14	3	17	1.5301
16	3	17	-1.7954
17	3	17	2.3816
18	3	17	-2.1725
19	3	17	0.22395
1	4	17	0.048418
2	4	17	-1.4267
3	4	17	-0.13357
4	4	17	0.4039
7	4	17	-0.36425
8	4	17	0.35234
9	4	17	-0.44066
10	4	17	-0.2798
11	4	17	-0.46612
12	4	17	0.012807
14	4	17	0.84769
16	4	17	-0.94481
17	4	17	1.3194
18	4	17	-1.2668
19	4	17	0.11392
20	4	17	0.017664
2	5	17	3.6896
3	5	17	0.28397
4	5	17	-1.009
7	5	17	0.85493
8	5	17	-0.99249
9	5	17	1.1397
10	5	17	0.72361
11	5	17	1.2055
14	5	17	-2.1923
16	5	17	2.5725
17	5	17	-3.4123
18	5	17	3.1128
19	5	17	-0.32087
2	6	17	1.3725
3	6	17	0.10563
4	6	17	-0.37531
7	6	17	0.31802
8	6	17	-0.36919
9	6	17	0.42393
10	6	17	0.26917
11	6	17	0.44842
14	6	17	-0.8155
16	6	17	0.95692
17	6	17	-1.2693
18	6	17	1.1579
19	6	17	-0.11936
1	7	17	-0.063293
3	7	17	0.031069
4	7	17	-0.018002
7	7	17	0.044025
8	7	17	0.041071
12	7	17	-0.016741
16	7	17	-0.065198
18	7	17	0.082668
19	7	17	0.013273
20	7	17	-0.023091
2	8	17	3.3572
3	8	17	0.25838
4	8	17	-0.91804
7	8	17	0.77789
8	8	17	-0.90306
9	8	17	1.037
10	8	17	0.65841
11	8	17	1.0969
14	8	17	-1.9948
16	8	17	2.3407
17	8	17	-3.1049
18	8	17	2.8323
19	8	17	-0.29196
1	9	17	-0.13627
2	9	17	-3.2558
3	9	17	-0.18369
4	9	17	0.85156
7	9	17	-0.65962
8	9	17	0.96421
9	9	17	-1.0057
10	9	17	-0.63853
11	9	17	-1.0637
12	9	17	-0.036043
14	9	17	1.9345
16	9	17	-2.4104
17	9	17	3.0111
18	9	17	-2.5688
19	9	17	0.31172
20	9	17	-0.049714
1	10	17	0.035338
3	10	17	-0.017346
4	10	17	0.010051
7	10	17	-0.02458
8	10	17	-0.022931
12	10	17	0.0093469
16	10	17	0.036401
18	10	17	-0.046155
19	10	17	-0.0074108
20	10	17	0.012892
1	12	17	0.068238
2	12	17	-5.2354
3	12	17	-0.43644
4	12	17	1.4511
7	12	17	-1.2606
8	12	17	1.364
9	12	17	-1.6171
10	12	17	-1.0268
11	12	17	-1.7105
12	12	17	0.018049
14	12	17	3.1108
16	12	17	-3.5799
17	12	17	4.8419
18	12	17	-4.506
19	12	17	0.44099
20	12	17	0.024895
1	13	17	-0.2337
3	13	17	0.11472
4	13	17	-0.066467
7	13	17	0.16255
8	13	17	0.15165
12	13	17	-0.061813
16	13	17	-0.24073
18	13	17	0.30523
19	13	17	0.049009
20	13	17	-0.085259
1	14	17	0.14107
3	14	17	-0.069247
4	14	17	0.040122
7	14	17	-0.098124
8	14	17	-0.09154
12	14	17	0.037313
16	14	17	0.14531
18	14	17	-0.18425
19	14	17	-0.029584
20	14	17	0.051466
1	1	18	-1.4972
3	1	18	0.73493
4	1	18	-0.42583
7	1	18	1.0414
8	1	18	0.97153
12	1	18	-0.39601
16	1	18	-1.5423
18	1	18	1.9555
19	1	18	0.31398
20	1	18	-0.54622
1	2	18	-1.5014
3	2	18	0.73701
4	2	18	-0.42703
7	2	18	1.0444
8	2	18	0.97427
12	2	18	-0.39713
16	2	18	-1.5466
18	2	18	1.961
19	2	18	0.31487
20	2	18	-0.54776
1	4	18	-0.53813
3	4	18	0.26415
4	4	18	-0.15305
7	4	18	0.37431
8	4	18	0.34919
12	4	18	-0.14234
16	4	18	-0.55432
18	4	18	0.70285
19	4	18	0.11285
20	4	18	-0.19633
1	7	18	0.70345
3	7	18	-0.34531
4	7	18	0.20007
7	7	18	-0.48931
8	7	18	-0.45647
12	7	18	0.18606
16	7	18	0.72463
18	7	18	-0.91879
19	7	18	-0.14752
20	7	18	0.25664
1	9	18	1.5145
3	9	18	-0.74343
4	9	18	0.43075
7	9	18	-1.0535
8	9	18	-0.98276
12	9	18	0.40059
16	9	18	1.5601
18	9	18	-1.9781
19	9	18	-0.31761
20	9	18	0.55254
1	10	18	-0.39275
3	10	18	0.19279
4	10	18	-0.11171
7	10	18	0.27319
8	10	18	0.25486
12	10	18	-0.10388
16	10	18	-0.40457
18	10	18	0.51298
19	10	18	0.082365
20	10	18	-0.14329
1	12	18	-0.75841
3	12	18	0.37229
4	12	18	-0.2157
7	12	18	0.52753
8	12	18	0.49213
12	12	18	-0.2006
16	12	18	-0.78124
18	12	18	0.99057
19	12	18	0.15905
20	12	18	-0.27669
1	13	18	2.5973
3	13	18	-1.275
4	13	18	0.73873
7	13	18	-1.8067
8	13	18	-1.6854
12	13	18	0.687
16	13	18	2.6755
18	13	18	-3.3924
19	13	18	-0.5447
20	13	18	0.94759
1	14	18	-1.5679
3	14	18	0.76963
4	14	18	-0.44593
7	14	18	1.0906
8	14	18	1.0174
12	14	18	-0.4147
16	14	18	-1.6151
18	14	18	2.0478
19	14	18	0.3288
20	14	18	-0.57201
1	1	19	0.5509
2	1	19	1.3598
3	1	19	-0.16577
4	1	19	-0.21516
7	1	19	-0.068116
8	1	19	-0.72325
9	1	19	0.42001
10	1	19	0.26668
11	1	19	0.44427
12	1	19	0.14571
14	1	19	-0.80796
16	1	19	1.5155
17	1	19	-1.2576
18	1	19	0.42766
19	1	19	-0.23378
20	1	19	0.20098
1	2	19	0.55245
3	2	19	-0.27119
4	2	19	0.15713
7	2	19	-0.38427
8	2	19	-0.35849
12	2	19	0.14612
16	2	19	0.56908
18	2	19	-0.72156
19	2	19	-0.11586
20	2	19	0.20155
2	3	19	-1.5155
3	3	19	-0.11664
4	3	19	0.41441
7	3	19	-0.35115
8	3	19	0.40765
9	3	19	-0.4681
10	3	19	-0.29721
11	3	19	-0.49513
14	3	19	0.90046
16	3	19	-1.0566
17	3	19	1.4016
18	3	19	-1.2785
19	3	19	0.13179
1	4	19	0.19801
2	4	19	-0.83958
3	4	19	-0.16181
4	4	19	0.2859
7	4	19	-0.33227
8	4	19	0.097354
9	4	19	-0.25933
10	4	19	-0.16466
11	4	19	-0.27431
12	4	19	0.052373
14	4	19	0.49886
16	4	19	-0.3814
17	4	19	0.77648
18	4	19	-0.96693
19	4	19	0.031489
20	4	19	0.072239
2	5	19	2.1713
3	5	19	0.16712
4	5	19	-0.59376
7	5	19	0.50312
8	5	19	-0.58407
9	5	19	0.67068
10	5	19	0.42584
11	5	19	0.70942
14	5	19	-1.2902
16	5	19	1.5139
17	5	19	-2.0081
18	5	19	1.8319
19	5	19	-0.18883
2	6	19	0.8077
3	6	19	0.062164
4	6	19	-0.22087
7	6	19	0.18715
8	6	19	-0.21727
9	6	19	0.24948
10	6	19	0.15841
11	6	19	0.26389
14	6	19	-0.47992
16	6	19	0.56314
17	6	19	-0.747
18	6	19	0.68142
19	6	19	-0.070241
1	7	19	-0.25884
3	7	19	0.12706
4	7	19	-0.073618
7	7	19	0.18004
8	7	19	0.16796
12	7	19	-0.068464
16	7	19	-0.26663
18	7	19	0.33807
19	7	19	0.054282
20	7	19	-0.094433
2	8	19	1.9757
3	8	19	0.15206
4	8	19	-0.54026
7	8	19	0.45779
8	8	19	-0.53144
9	8	19	0.61025
10	8	19	0.38747
11	8	19	0.64549
14	8	19	-1.1739
16	8	19	1.3775
17	8	19	-1.8272
18	8	19	1.6668
19	8	19	-0.17181
1	9	19	-0.55727
2	9	19	-1.916
3	9	19	0.12608
4	9	19	0.36545
7	9	19	-0.056338
8	9	19	0.87701
9	9	19	-0.59182
10	9	19	-0.37577
11	9	19	-0.626
12	9	19	-0.1474
14	9	19	1.1385
16	9	19	-1.9099
17	9	19	1.772
18	9	19	-0.8886
19	9	19	0.28349
20	9	19	-0.20331
1	10	19	0.14451
3	10	19	-0.070939
4	10	19	0.041102
7	10	19	-0.10052
8	10	19	-0.093776
12	10	19	0.038224
16	10	19	0.14886
18	10	19	-0.18875
19	10	19	-0.030307
20	10	19	0.052723
1	12	19	0.27906
2	12	19	-3.081
3	12	19	-0.37411
4	12	19	0.92189
7	12	19	-0.90801
8	12	19	0.64769
9	12	19	-0.95166
10	12	19	-0.60425
11	12	19	-1.0066
12	12	19	0.073812
14	12	19	1.8307
16	12	19	-1.8607
17	12	19	2.8495
18	12	19	-2.9638
19	12	19	0.20942
20	12	19	0.10181
1	13	19	-0.95571
3	13	19	0.46913
4	13	19	-0.27182
7	13	19	0.66477
8	13	19	0.62016
12	13	19	-0.25279
16	13	19	-0.98447
18	13	19	1.2483
19	13	19	0.20042
20	13	19	-0.34867
1	14	19	0.5769
3	14	19	-0.28319
4	14	19	0.16408
7	14	19	-0.40128
8	14	19	-0.37435
12	14	19	0.15259
16	14	19	0.59427
18	14	19	-0.7535
19	14	19	-0.12098
20	14	19	0.21047
1	1	20	-0.48618
3	1	20	0.23865
4	1	20	-0.13828
7	1	20	0.33818
8	1	20	0.31548
12	1	20	-0.12859
16	1	20	-0.50081
18	1	20	0.635
19	1	20	0.10196
20	1	20	-0.17737
1	2	20	-0.48755
3	2	20	0.23933
4	2	20	-0.13867
7	2	20	0.33913
8	2	20	0.31637
12	2	20	-0.12896
16	2	20	-0.50222
18	2	20	0.63679
19	2	20	0.10225
20	2	20	-0.17787
1	4	20	-0.17474
3	4	20	0.085778
4	4	20	-0.0497
7	4	20	0.12155
8	4	20	0.11339
12	4	20	-0.04622
16	4	20	-0.18
18	4	20	0.22824
19	4	20	0.036646
20	4	20	-0.063752
1	7	20	0.22843
3	7	20	-0.11213
4	7	20	0.064969
7	7	20	-0.15889
8	7	20	-0.14823
12	7	20	0.06042
16	7	20	0.23531
18	7	20	-0.29836
19	7	20	-0.047905
20	7	20	0.083338
1	9	20	0.4918
3	9	20	-0.24141
4	9	20	0.13988
7	9	20	-0.34209
8	9	20	-0.31913
12	9	20	0.13008
16	9	20	0.5066
18	9	20	-0.64235
19	9	20	-0.10314
20	9	20	0.17942
1	10	20	-0.12754
3	10	20	0.062605
4	10	20	-0.036274
7	10	20	0.088712
8	10	20	0.082759
12	10	20	-0.033734
16	10	20	-0.13138
18	10	20	0.16658
19	10	20	0.026746
20	10	20	-0.046529
1	12	20	-0.24628
3	12	20	0.12089
4	12	20	-0.070045
7	12	20	0.1713
8	12	20	0.15981
12	12	20	-0.06514
16	12	20	-0.25369
18	12	20	0.32166
19	12	20	0.051647
20	12	20	-0.089849
1	13	20	0.84343
3	13	20	-0.41402
4	13	20	0.23988
7	13	20	-0.58667
8	13	20	-0.5473
12	13	20	0.22309
16	13	20	0.86881
18	13	20	-1.1016
19	13	20	-0.17688
20	13	20	0.30771
1	14	20	-0.50913
3	14	20	0.24992
4	14	20	-0.1448
7	14	20	0.35414
8	14	20	0.33037
12	14	20	-0.13467
16	14	20	-0.52445
18	14	20	0.66498
19	14	20	0.10677
20	14	20	-0.18575
1	1	21	-0.424
2	1	21	0.37906
3	1	21	0.23731
4	1	21	-0.22425
7	1	21	0.38276
8	1	21	0.17317
9	1	21	0.11708
10	1	21	0.074342
11	1	21	0.12385
12	1	21	-0.11215
14	1	21	-0.22523
16	1	21	-0.17248
17	1	21	-0.35057
18	1	21	0.87359
19	1	21	0.055954
20	1	21	-0.15469
1	2	21	-0.4252
3	2	21	0.20872
4	2	21	-0.12093
7	2	21	0.29576
8	2	21	0.27591
12	2	21	-0.11247
16	2	21	-0.438
18	2	21	0.55536
19	2	21	0.08917
20	2	21	-0.15513
2	3	21	-0.42246
3	3	21	-0.032515
4	3	21	0.11552
7	3	21	-0.097888
8	3	21	0.11364
9	3	21	-0.13049
10	3	21	-0.082853
11	3	21	-0.13803
14	3	21	0.25102
16	3	21	-0.29455
17	3	21	0.39071
18	3	21	-0.35641
19	3	21	0.036739
1	4	21	-0.1524
2	4	21	-0.23405
3	4	21	0.056795
4	4	21	0.020657
7	4	21	0.051773
8	4	21	0.16185
9	4	21	-0.072292
10	4	21	-0.045901
11	4	21	-0.076468
12	4	21	-0.040309
14	4	21	0.13907
16	4	21	-0.32017
17	4	21	0.21646
18	4	21	0.0015939
19	4	21	0.052314
20	4	21	-0.055599
2	5	21	0.60529
3	5	21	0.046586
4	5	21	-0.16552
7	5	21	0.14025
8	5	21	-0.16282
9	5	21	0.18696
10	5	21	0.11871
11	5	21	0.19776
14	5	21	-0.35965
16	5	21	0.42202
17	5	21	-0.5598
18	5	21	0.51066
19	5	21	-0.052639
2	6	21	0.22516
3	6	21	0.017329
4	6	21	-0.061571
7	6	21	0.052172
8	6	21	-0.060566
9	6	21	0.069547
10	6	21	0.044158
11	6	21	0.073564
14	6	21	-0.13379
16	6	21	0.15698
17	6	21	-0.20824
18	6	21	0.18996
19	6	21	-0.019581
1	7	21	0.19922
3	7	21	-0.097791
4	7	21	0.056661
7	7	21	-0.13857
8	7	21	-0.12927
12	7	21	0.052693
16	7	21	0.20521
18	7	21	-0.2602
19	7	21	-0.041779
20	7	21	0.072681
2	8	21	0.55075
3	8	21	0.042389
4	8	21	-0.15061
7	8	21	0.12762
8	8	21	-0.14815
9	8	21	0.17012
10	8	21	0.10801
11	8	21	0.17994
14	8	21	-0.32725
16	8	21	0.38399
17	8	21	-0.50936
18	8	21	0.46464
19	8	21	-0.047896
1	9	21	0.42891
2	9	21	-0.53412
3	9	21	-0.25165
4	9	21	0.26805
7	9	21	-0.4221
8	9	21	-0.13464
9	9	21	-0.16498
10	9	21	-0.10475
11	9	21	-0.17451
12	9	21	0.11345
14	9	21	0.31737
16	9	21	0.069416
17	9	21	0.49398
18	9	21	-1.0108
19	9	21	-0.043498
20	9	21	0.15648
1	10	21	-0.11123
3	10	21	0.054599
4	10	21	-0.031635
7	10	21	0.077367
8	10	21	0.072175
12	10	21	-0.02942
16	10	21	-0.11457
18	10	21	0.14527
19	10	21	0.023326
20	10	21	-0.040579
1	12	21	-0.21478
2	12	21	-0.85888
3	12	21	0.039327
4	12	21	0.17378
7	12	21	-0.049614
8	12	21	0.3704
9	12	21	-0.26529
10	12	21	-0.16844
11	12	21	-0.28061
12	12	21	-0.05681
14	12	21	0.51033
16	12	21	-0.82007
17	12	21	0.79433
18	12	21	-0.44407
19	12	21	0.11973
20	12	21	-0.078359
1	13	21	0.73557
3	13	21	-0.36107
4	13	21	0.20921
7	13	21	-0.51165
8	13	21	-0.47731
12	13	21	0.19456
16	13	21	0.75771
18	13	21	-0.96073
19	13	21	-0.15426
20	13	21	0.26836
1	14	21	-0.44402
3	14	21	0.21796
4	14	21	-0.12629
7	14	21	0.30885
8	14	21	0.28812
12	14	21	-0.11744
16	14	21	-0.45738
18	14	21	0.57994
19	14	21	0.093117
20	14	21	-0.16199
